// Sample: .//bubblelabels.tif, Map: .//bubblelabels.tif, Thickness:(8.191250068658265):/gpfs/home/mader/Foam/NewValid/InSilicoTest/LatticeData_OldFoam/out_Step_07000.vtk/distmap.tif, Neighbors:(1.0):
//LACUNA_NUMBER, TRIANGLES, SCALE_X, SCALE_Y, SCALE_Z, POS_X, POS_Y, POS_Z , STD_X, STD_Y, STD_Z,PROJ_X, PROJ_Y, PROJ_Z, PCA1_X, PCA1_Y, PCA1_Z, PCA1_S, PCA2_X, PCA2_Y, PCA2_Z, PCA2_S, PCA3_X, PCA3_Y, PCA3_Z, PCA3_S,PROJ_PCA1, PROJ_PCA2, PROJ_PCA3,OBJ_RADIUS, OBJ_RADIUS_STD, VOLUME, VOLUME_BOX, Mask_Grad_X,Mask_Grad_Y,Mask_Grad_Z,Mask_Angle, Mask_Distance_Mean,Mask_Distance_COV, Mask_Distance_STD, SHAPET_XX, SHAPET_XY, SHAPET_XZ, SHAPET_YX, SHAPET_YY, SHAPET_YZ, SHAPET_ZX, SHAPET_ZY, SHAPET_ZZ, Thickness, Thickness_STD, Neighbors, Neighbors_STD
1, 0 ,1.0,1.0,1.0,78.89171780324959,135.87767743429433,39.50758751109567,18.14874592376118,17.55345024204492,19.104458307052038,98.0,93.0,87.0,0.40165810194996926,-0.40047055389097663,0.8235861245821244,19.64115351181174,0.8093301752612944,-0.2656174379866585,-0.5238626194422787,18.068124609911198,-0.4285503897436919,-0.8769667679585459,-0.21742550758103674,17.036692255753202,96.83252578480295,92.26498687957624,90.9918704598306,30.452562910116818,8.667314083319505,259110.0,812944.2752573977, 0.0, 0.0,0.0,NaN, 162.01078925131063,162.01078925131063,0.0, 329.376978605238, -23.149341994620368, 16.248521410984807, -23.149341994620368, 308.12361539994686, -26.468314668811153, 16.248521410984807, -26.468314668811153, 364.9803272058896, 7.807405890017676, 6.213522221933192, 43.0, 0.0
2, 0 ,1.0,1.0,1.0,57.61002998129607,262.0613516338431,13.579450434591264,20.476877312507803,21.324869179599872,9.00034764707396,110.0,96.0,38.0,0.6024283382640995,0.7965146537956534,-0.05142473670468064,22.398156598830308,0.7963153894025496,-0.6041706081168582,-0.029320247072149606,19.332461152738293,0.05442332089299247,0.023286961512743398,0.9982463721779721,8.923975264358038,108.19496399088132,105.36881828436128,41.128900511804254,29.001468394450438,10.675843701199208,145424.0,468884.9097382812, 0.0, 0.0,0.0,NaN, 70.30404019970865,70.30404019970865,0.0, 419.3025044714967, 61.01519221384967, -19.94153500387771, 61.01519221384967, 454.75004552704854, -12.077063323642895, -19.94153500387771, -12.077063323642895, 81.00625776818977, 7.62696425690333, 5.913205672217484, 23.0, 0.0
3, 0 ,1.0,1.0,1.0,260.7989214215111,140.52670070727297,127.0322344397384,18.47895670683138,17.106938265570147,15.421496936965042,92.0,102.0,77.0,0.9009330720565033,0.3716707472760914,-0.22400994463207102,18.779465295031756,-0.42812030400108525,0.8456248929897939,-0.31879702893536843,17.178754442232574,-0.0709408554843387,-0.38311799223637627,-0.9209712259608975,14.972101543135858,111.16808179150584,88.64739455907008,79.59670301989559,28.214644959061054,8.710657575988094,195257.0,784406.4694418279, 0.0, 0.0,-1.4210854715202004E-14,77.05533381442156, 193.44680602207157,193.44680602207157,2.6973983046972182E-6, 341.4718409729484, 17.34534650828889, -16.251588477888266, 17.34534650828889, 292.6473368220281, -29.824774805776816, -16.251588477888266, -29.824774805776816, 237.82256777682218, 6.576221794087046, 5.549483072449034, 44.0, 0.0
4, 0 ,1.0,1.0,1.0,78.24107806985614,16.59181477202589,262.29718929526643,17.06779885245585,10.639593253622044,18.477816119772648,83.0,45.0,80.0,-0.4889527361927154,0.11754272192867832,0.8643546322495493,19.09335170356071,0.8566979234595964,-0.12192397566620664,0.5012017678517915,16.559681723906714,-0.1642981731781325,-0.9855547943566317,0.04108354428460171,10.351871944416056,107.72414282481509,91.08043744972872,47.30754888701646,25.853442221199135,8.805675223516175,126374.0,464160.95145101985, 0.0, 0.0,0.0,NaN, 88.42203656328842,88.42203656328842,0.0, 291.30975766789334, -32.24315309196934, -37.04965553887417, -32.24315309196934, 113.20094460251971, 15.94205463629326, -37.04965553887417, 15.94205463629326, 341.42968855612986, 7.389776790917409, 5.827471004170811, 19.0, 0.0
5, 0 ,1.0,1.0,1.0,188.44741576997706,113.2539954136532,236.32344916798965,15.851009510262575,15.185837923186034,16.402478201271848,79.0,91.0,83.0,-0.19410228628800658,-0.14627720893479126,0.9700140620650899,16.42249637134422,-0.8571525868568737,-0.455611434931634,-0.24022419362775876,16.107317880257245,-0.47708882328381835,0.8780781277914765,0.036946666857470216,14.89165506934803,83.23899456755981,84.68635475287212,84.27942092747733,26.37680990722511,7.427608375849772,170070.0,594103.0859149523, 2.8421709430404007E-14, 0.0,0.0,78.80771356606166, 171.24587484495427,171.24587484495427,1.9073486328125E-6, 251.2545024944346, 16.077856065057375, -1.2661427299975108, 16.077856065057375, 230.6096734292751, -2.6773213012855686, -1.2661427299975108, -2.6773213012855686, 269.0412911431981, 6.954373743733576, 5.678114666791304, 39.0, 0.0
6, 0 ,1.0,1.0,1.0,276.36389299393795,206.24345990288626,207.92363000271436,14.491541381877308,16.86941010063051,17.165079722361373,58.0,91.0,84.0,-0.2608116137068332,0.501359872812839,0.8249942909431138,17.75605021705896,-0.18477605853003842,-0.8646968394991165,0.46707299638744193,16.56389937375921,-0.9475416140464445,0.030621131483557704,-0.31816227928044105,14.127336934687959,91.4255998215601,99.50615514844543,68.68984842662093,26.870817971614503,8.196393852018234,165785.0,624899.7085060037, 0.0, 2.8421709430404007E-14,-2.8421709430404007E-14,72.47167214054768, 133.5178350530773,133.5178350530773,0.0, 210.00477162266247, -3.180248207143736, -31.347918996312337, -3.180248207143736, 284.57699714325463, 17.65159360515391, -31.347918996312337, 17.65159360515391, 294.63996187502164, 7.966388366402111, 5.972527951613564, 33.0, 0.0
7, 0 ,1.0,1.0,1.0,264.046503305124,279.8519500933294,27.472092403126886,18.469966514586577,11.844996758385516,16.268622150887143,79.0,52.0,70.0,-0.9726863384752973,0.10271345918501547,0.20816155323634422,18.638959698594583,-0.20183568874422214,0.06866643736677351,-0.9770093526310282,16.161516524653063,0.11464572252231943,0.9923380803343198,0.04605966376052111,11.726305595624806,86.21638746058073,78.1890704148224,57.61223803357967,26.023948843418097,8.298539904080727,142506.0,388374.4201251514, 0.0, 0.0,0.0,NaN, 49.53093680353815,49.53093680353815,0.0, 341.13966304994943, -22.685380778837075, -18.1098448932362, -22.685380778837075, 140.30394820616337, -3.8100065574697646, -18.1098448932362, -3.8100065574697646, 264.66806668833584, 6.9848942503950235, 5.711175858340089, 17.0, 0.0
8, 0 ,1.0,1.0,1.0,278.2887285614834,209.38352003037784,285.3228276691349,13.442812425543421,19.039661734936686,8.995138432186396,53.0,105.0,40.0,0.24822036061683173,0.9682633988626678,-0.029200051338386712,19.3804122921557,0.9682739384178226,-0.2470998349699277,0.037245828473440074,12.961112686691312,-0.028848444604320234,0.037518821686572223,0.9988794247871778,8.974386754107666,109.61070842031873,62.600615588029314,41.42723985135524,23.21003705709066,9.242544028122287,79005.0,284261.2014658103, 0.0, 0.0,0.0,NaN, 94.32998005508,94.32998005508,0.0, 180.7092059083446, 49.9921843501941, 1.0152266064092756, 49.9921843501941, 362.5087189808123, -9.147201802098675, 1.0152266064092756, -9.147201802098675, 80.91251541419675, 6.786635180037124, 5.516109862387195, 14.0, 0.0
9, 0 ,1.0,1.0,1.0,155.8483696471337,176.62708713637355,14.571929795180118,17.32051974567319,17.45830478338428,9.59768043355101,81.0,81.0,41.0,-0.6575369197595357,-0.753336118246771,-0.011397021454289093,17.948047853383986,-0.7487007960443454,0.6516506566823607,0.12164924844820359,16.89962601951454,-0.08421589609869623,0.08852183115105496,-0.992507716974512,9.443436796397092,85.81516233369044,88.0655742565898,44.45981718187606,25.13362664680725,8.07521463821886,119422.0,335998.91292763787, 0.0, 0.0,0.0,NaN, 190.29689776714972,190.29689776714972,0.0, 300.0004042602549, 19.561800119453775, -16.143863737576748, 19.561800119453775, 304.79240590953833, 17.570768547658872, -16.143863737576748, 17.570768547658872, 92.11546970456793, 8.521946638862984, 5.855716541178176, 18.0, 0.0
10, 0 ,1.0,1.0,1.0,44.1285353183528,256.6391835678602,213.75241824731805,17.094453996576746,20.60722910615776,14.51371665816224,84.0,88.0,81.0,0.21497186483186376,-0.9706525406913947,-0.10779954814400204,20.803645115279547,0.9280931585757134,0.23740336696946238,-0.2868496650800174,17.162611485571688,0.30402333189356723,-0.038383415701354506,0.9518910268846064,14.14847472418841,94.5527869890127,89.90153301334729,80.72777626148647,29.070329844341543,9.079765572392132,200972.0,686221.6588885412, 0.0, 0.0,0.0,NaN, 106.14204345682437,106.14204345682437,0.0, 292.2203574410787, -27.74350849832351, -30.515581614179055, -27.74350849832351, 424.6578914336756, 17.91268861725042, -30.515581614179055, 17.91268861725042, 210.6479712334161, 7.493557745554363, 5.468710770030752, 33.0, 0.0
11, 0 ,1.0,1.0,1.0,14.207654847055244,168.50129356262366,12.517463095419266,9.064992214414087,17.830492295136953,8.158818144524613,35.0,86.0,33.0,0.03589836296161626,-0.9986995951174573,0.03619981006723204,17.848495287054536,0.9870776959760537,0.029773454867638313,-0.1574520990392024,9.070314131824878,0.15616955414959136,0.041384297716311996,0.9868629136102169,8.113412992555013,86.25046472787926,40.08776941722981,37.38662343849778,20.15772206848287,7.767438049933242,52568.0,129267.56830758249, 0.0, 0.0,0.0,NaN, 132.85501169809712,132.85501169809712,0.0, 82.174083847388, -8.577958463886812, -2.22710826262358, -8.577958463886812, 317.9264554869382, -9.214373525538239, -2.22710826262358, -9.214373525538239, 66.56631351542406, 9.134023721944844, 5.737299745422429, 11.0, 0.0
12, 0 ,1.0,1.0,1.0,22.487612386922,131.41741245741218,188.84996648260898,14.35345483420398,16.127916487912522,15.870816360616944,63.0,75.0,76.0,-0.5194930240667011,-0.28700407845578196,-0.8048326887594599,16.574043422397985,-0.03353982279532951,-0.9343285536855027,0.3548312754744353,16.21126740846196,0.8538161852722703,-0.21132631809053967,-0.47575109989300507,13.435403288135625,87.43337107430733,80.59978269618239,67.77513022192468,25.621883714386197,7.844312767703136,144701.0,477618.8459897004, 0.0, 0.0,0.0,NaN, 173.5815628423226,173.5815628423226,0.0, 206.02166567753358, 16.622139527922492, 38.40143513120208, 16.622139527922492, 260.1096902410806, -5.526513123955388, 38.40143513120208, -5.526513123955388, 251.88281195242647, 6.832252138719242, 5.17715468110101, 26.0, 0.0
13, 0 ,1.0,1.0,1.0,123.2949019977384,235.14035996984546,77.3591621345108,14.387229882134797,14.93095638513704,16.47749338977577,76.0,72.0,79.0,-0.13790710323115019,0.4761007009297157,0.8685100767709182,17.12102232696669,0.7880950605965268,-0.478378330049146,0.3873762367553631,14.44116932916664,-0.5999064979992712,-0.7378904362529877,0.3092408410036203,14.13353648427053,81.99047487438821,69.92148684992605,74.97012167349354,25.442044557863166,7.357716995234463,148568.0,429795.9039703057, 0.0, 0.0,0.0,NaN, 159.35132798199916,159.35132798199916,0.0, 206.99238368139243, -9.444716166057487, -8.499925761936211, -9.444716166057487, 222.93345857486455, 36.980395455340634, -8.499925761936211, 36.980395455340634, 271.5077884101042, 6.501472802863514, 5.113371173766464, 32.0, 0.0
14, 0 ,1.0,1.0,1.0,191.0726432160804,279.59830351758796,59.946235175879394,16.672512851157865,12.115381590845733,14.874320922702141,76.0,53.0,79.0,-0.9377994483150579,0.058709786236263994,0.3421773746758623,16.92387586370657,0.3466860473381464,0.2107848566908896,0.9139904423848502,14.716054781529516,0.018465625389513827,-0.9757678541486668,0.2180277860482026,11.959127735425987,80.1207413700223,73.9386751850939,59.34666878156642,24.34503539149248,7.30204290335964,124375.0,351570.94013865653, 0.0, 0.0,0.0,NaN, 125.99583083203039,125.99583083203039,0.0, 277.9726847720242, -2.5210104304035794, -22.71221093317831, -2.5210104304035794, 146.78247109180367, 17.048891301484534, -22.71221093317831, 17.048891301484534, 221.24542291153466, 7.063698227741011, 5.554232113549474, 27.0, 0.0
15, 0 ,1.0,1.0,1.0,173.59481848230084,102.21799953369084,11.427139193285148,14.245308542492094,17.217703133301917,7.372306292620744,69.0,83.0,30.0,-0.22793192460679104,-0.9736742961491287,0.002324384551534821,17.374157325052924,-0.971351105632768,0.22755169067589043,0.06853654249043459,14.078245349996033,-0.06726118740435141,0.013363872531690808,-0.997645898893948,7.32602769849754,84.04087929314576,69.41681910555194,31.797117217879098,22.211805420563632,7.769473385534785,72913.0,185499.62866860794, 0.0, -1.4210854715202004E-14,-1.7763568394002505E-15,43.24467150403506, 162.96431773040015,162.96431773040015,0.0, 202.9288154707982, 23.13629065082805, -9.7530485210187, 23.13629065082805, 296.4493011865146, 1.69227192027038, -9.7530485210187, 1.69227192027038, 54.35090007221542, 7.160073516464118, 5.198849761455038, 23.0, 0.0
16, 0 ,1.0,1.0,1.0,220.02376341786274,29.701555518303785,262.3328092394666,14.553687481014677,16.744542800177435,17.252911038093448,79.0,72.0,79.0,0.3131758304174601,0.4090871194751847,-0.8570697917450071,17.85132606198374,-0.14339591241681574,0.9124906930283846,0.3831427246323833,16.513164691345413,-0.9388069618108311,-0.002909263837010387,-0.3444314512924792,14.088932602423327,95.19953300634518,88.37575052160591,73.26058640370331,26.95195291600988,7.965218527035931,172997.0,616365.5025026238, 0.0, 0.0,0.0,NaN, 93.258769442017,93.258769442017,0.0, 211.80981929504333, 5.688832206710349, -36.33163684216223, 5.688832206710349, 280.37971358697393, -16.19750665599029, -36.33163684216223, -16.19750665599029, 297.6629392883667, 7.677511212920311, 5.558214512569148, 34.0, 0.0
17, 0 ,1.0,1.0,1.0,158.3365559466809,254.65592832952404,279.23647419962964,17.605245299659703,15.384702641106365,11.155639116025085,84.0,84.0,50.0,-0.8735321441959708,0.4614172394776405,-0.15503459023463895,18.42309134159292,0.48443857214739816,0.8551931607815905,-0.18429304807339353,14.697264541582134,-0.04754853175629403,0.23609063697068788,0.9705670240960151,10.75463350921455,90.49671758863403,75.9305614070708,53.21252754332295,24.63148826789438,8.023204298282463,119882.0,365648.10422568576, 0.0, 0.0,0.0,NaN, 150.18568580383342,150.18568580383342,NaN, 309.94466206119006, -48.61175773102968, 21.342811893924853, -48.61175773102968, 236.68907535526515, -31.821340253029234, 21.342811893924853, -31.821340253029234, 124.44828408698896, 7.36047442370342, 5.509071982035331, 29.0, 0.0
18, 0 ,1.0,1.0,1.0,234.7977319758298,243.344094031951,10.742852412879728,14.993737450114237,13.881943977857194,7.172592583761747,67.0,68.0,30.0,-0.979578080014442,0.17317535825541303,-0.10216203036514314,15.082679702373186,0.17805211696608877,0.9831809288278639,-0.040653472583191685,13.86104241466767,-0.09340358022642106,0.058013416399030196,0.9939367257117525,7.025018994590792,68.32498544044503,64.76827186908696,33.23282293602304,20.534115103848098,6.878715912281566,60405.0,147064.91996861694, 2.8421709430404007E-14, 0.0,0.0,11.599193464905516, 87.0438758013512,87.0438758013512,0.0, 224.8121627229582, -5.2245486154726, 16.793629182692868, -5.2245486154726, 192.7083686043656, -8.858359198770106, 16.793629182692868, -8.858359198770106, 51.44608437263401, 7.050254963866903, 5.135691843353413, 12.0, 0.0
19, 0 ,1.0,1.0,1.0,272.5041336851363,66.52359786212028,238.41407888505515,15.580112617350625,16.299791077378877,14.18630645583547,71.0,83.0,75.0,-0.5212898540016643,0.8479963652349584,-0.09570293967910343,16.7174086965249,0.8343027368945072,0.5300015480369935,0.15178044106117575,15.178441816700948,-0.17943196851525176,7.236205420373953E-4,0.9837701179889805,14.135683205448013,89.06396250911287,79.30039168447587,73.78637695188371,25.548767076302333,7.5455211930780255,147810.0,521138.94790035434, 0.0, 0.0,2.8421709430404007E-14,84.50822036147817, 94.73245176021868,94.73245176021868,0.0, 242.73990916932814, -21.694881390256068, 7.844662051290376, -21.694881390256068, 265.68318916620007, -4.005424579873319, 7.844662051290376, -4.005424579873319, 201.25129085887917, 5.977335481334665, 4.88956900962492, 29.0, 0.0
20, 0 ,1.0,1.0,1.0,277.83071906943957,207.17409235107507,12.41402890377159,13.190353510921502,13.68151146641201,7.807437088978421,55.0,72.0,31.0,0.3578069356878126,-0.9330551634154505,0.03717874120332731,13.760912060975938,0.9302220255852603,0.3596349106385017,0.07314174024516516,13.137214814293028,-0.08161605166725362,0.008413862002872793,0.9966283294370295,7.75732826559539,66.75363332620786,61.73367357430135,32.524430520613066,19.53982156703928,6.3498526577601755,56740.0,134031.45469477322, 0.0, -2.8421709430404007E-14,1.7763568394002505E-15,25.68031864874801, 96.24050218826025,96.24050218826025,0.0, 173.9854257430792, -5.5236313529771675, 9.366720966174325, -5.5236313529771675, 187.1837560055633, -1.524581908908263, 9.366720966174325, -1.524581908908263, 60.95607389835585, 7.564882488292962, 5.558680055063004, 12.0, 0.0
21, 0 ,1.0,1.0,1.0,40.54498735502518,85.33228634416452,36.500335478923816,13.328889227719182,13.703487068130084,17.354321819745458,61.0,70.0,80.0,0.2409348532184897,0.03562367315219661,0.9698872874802157,17.59022432674057,-0.0878696153970422,-0.9944213707813856,0.05835296070676819,13.704482784862492,0.9665553927191965,-0.09928288495211676,-0.23646052854762906,13.014933400861564,82.91487769316372,70.39964214459658,61.448537164546735,24.77705550424022,7.260499447985746,135627.0,358686.03194437973, -7.105427357601002E-15, 0.0,0.0,76.05827728683913, 101.28064762043942,101.28064762043942,0.0, 177.65928804480848, 2.8117635490800557, 32.627107457035464, 2.8117635490800557, 187.78555782640842, 3.768964741322549, 32.627107457035464, 3.768964741322549, 301.17248582329336, 6.894068845213055, 4.930662489392389, 22.0, 0.0
22, 0 ,1.0,1.0,1.0,69.99739225373685,63.74455868607291,159.45675618357905,14.558898886830015,14.370879444193948,14.322084415126177,72.0,66.0,71.0,-0.8217455185989613,0.49493486193695757,0.2824425341586651,14.630189887755334,0.5472409796076464,0.5471473548932345,0.6333696253147927,14.427750986960552,0.1589390225859839,0.6750327802949877,-0.7204645255851471,14.191665162939014,78.11574421412752,78.98565921111336,79.65465152640627,24.018881621341674,6.833676934894214,127313.0,491471.07590601145, 0.0, -7.105427357601002E-15,0.0,60.3345448479899, 169.4562098798614,169.4562098798614,0.0, 211.96153679694027, -3.1173706260650147, -0.5915920365324354, -3.1173706260650147, 206.52217599955614, 4.108317044183735, -0.5915920365324354, 4.108317044183735, 205.12210199400013, 6.94895219236436, 5.096839062614491, 29.0, 0.0
23, 0 ,1.0,1.0,1.0,65.97680166054415,42.023138607651646,34.92204999552011,14.73097280958246,13.285985343418371,16.197815245324527,76.0,69.0,73.0,-0.1656920075043913,0.024589720486305505,0.9858709369362556,16.24482384719806,0.9198660512089722,0.36424191980012455,0.1455138195963953,14.919447136349806,-0.35551737859403887,0.9309796826498011,-0.08297122399300647,13.015528437332922,77.28359470828667,81.21164824309494,63.637617137454015,24.600927898864057,7.119166503156413,133932.0,399410.5651921187, 0.0, 0.0,0.0,NaN, 85.66464913651541,85.66464913651541,0.0, 217.00155991665773, 17.435160317578738, -8.315975201325458, 17.435160317578738, 176.51740654552776, 5.109634494100533, -8.315975201325458, 5.109634494100533, 262.3692187216677, 6.484061847252175, 4.93366578981158, 23.0, 0.0
24, 0 ,1.0,1.0,1.0,27.88618545991657,283.45116784885323,133.95998961190736,15.000944059869944,10.636973796688205,19.796327107231175,64.0,48.0,106.0,0.14281968823577518,-0.07127934487672712,0.9871787029946403,19.92100586315593,0.9890335198117042,-0.027632432819211853,-0.1450832359211868,14.886557942148446,-0.03761958720011422,-0.9970735698284433,-0.06655120591286595,10.56465897274675,103.64120469978144,65.84745757706688,51.14365180497174,25.585973624911798,8.684817490348188,123218.0,349030.35447003756, 0.0, 0.0,0.0,NaN, 137.8288141206113,137.8288141206113,0.0, 225.02832268734736, -5.909881852389053, 24.430999483171224, -5.909881852389053, 113.14521155143146, -19.629670523018905, 24.430999483171224, -19.629670523018905, 391.8945669364958, 6.744331972246853, 4.980770010124684, 20.0, 0.0
25, 0 ,1.0,1.0,1.0,282.13595791805096,104.05834994462901,168.58715393133997,11.26066362808345,13.207819068338239,15.251317717541177,46.0,66.0,74.0,0.028507466854709528,-0.05526313914070282,0.9980647823592629,15.257198064348152,0.41158910922673153,-0.9092512270791531,-0.06210162011573684,13.65919225778409,-0.9109235585379671,-0.4125629545988939,0.0031747430065681287,10.700284860616012,74.03532462774382,69.84767060010704,55.91692517708259,22.086817052886953,6.784116337484492,90300.0,289157.3220665702, 0.0, 0.0,0.0,NaN, 168.5722406108724,168.5722406108724,0.0, 126.8025453448415, -27.16045805393367, 1.5231839555362867, -27.16045805393367, 174.4464845419592, -2.454282547776765, 1.5231839555362867, -2.454282547776765, 232.60269212138542, 6.89075644358019, 5.217076899626373, 14.0, 0.0
26, 0 ,1.0,1.0,1.0,33.64617017982349,181.03684943929574,207.3025664845576,15.311361367250216,15.494941307604236,14.338109864044437,69.0,73.0,74.0,-0.6334648855440502,0.7457874314574944,-0.20621189554120598,16.758388839869465,-0.5999698026384287,-0.30512091036692346,0.7395522063917228,14.762011129211533,0.4886291791375839,0.592201264045336,0.6407333206244527,13.466692928510852,95.76459515661982,77.37028531153001,67.38022460890937,24.95945172972714,7.5589785599164445,135633.0,499242.5924921706, 0.0, 0.0,0.0,NaN, 154.52219950365804,154.52219950365804,0.0, 234.43778691852242, -40.30917666466724, -3.2278761941380556, -40.30917666466724, 240.09320612610006, -23.551895388952236, -3.2278761941380556, -23.551895388952236, 205.58139447340838, 6.592391371159214, 4.928398282071017, 34.0, 0.0
27, 0 ,1.0,1.0,1.0,124.32958369070397,187.4914890809527,114.7755410041565,13.923692276678368,13.872031527442973,14.872926673719588,70.0,71.0,72.0,-0.2822316555979957,-0.4033655768483973,0.870426047399878,15.079312899949981,-0.7003213364416395,-0.5334744435385932,-0.47429425867891933,14.277995632412834,-0.655664028526052,0.7434387866562714,0.13192214443390568,13.276278708359749,77.03445299946898,68.51937588722183,65.33661193322688,23.699633138824343,6.770066634900536,121256.0,344869.6781737677, 0.0, -2.8421709430404007E-14,0.0,66.21125374538796, 203.19801973130046,203.19801973130046,NaN, 193.86920661563283, 16.13237390618863, -3.3916319249365863, 16.13237390618863, 192.43325869837182, -10.966510042255615, -3.3916319249365863, -10.966510042255615, 221.20394784183964, 6.431318169342095, 4.775656258711316, 30.0, 0.0
28, 0 ,1.0,1.0,1.0,31.9678450257196,13.951887928204005,71.2919776731969,17.608943102531953,8.96587751463516,14.448832864500405,72.0,37.0,77.0,0.9907225696734405,0.0059608929562885785,-0.13576913380742417,17.664034204733557,-0.13585851178154984,0.018780107998104683,-0.9905502371510904,14.383268315142427,-0.0033548049357715187,0.9998058688059115,0.0194157149005575,8.962928992831408,77.11778113778757,72.06075439540591,37.97752445666917,23.235927201515324,7.7020967942368035,91370.0,211047.38815769434, -3.552713678800501E-15, 0.0,0.0,7.810661468683665, 79.36714920485173,79.36714920485173,NaN, 310.0748771882076, 1.0453611331182957, -14.134050230886928, 1.0453611331182957, 80.38695960744036, -2.541561411279796, -14.134050230886928, -2.541561411279796, 208.768771146267, 6.791970269265067, 5.198510872907398, 16.0, 0.0
29, 0 ,1.0,1.0,1.0,235.41517178878908,274.1314781743387,95.65216657337562,13.646784849213162,13.513438618825553,14.458984594791879,69.0,60.0,69.0,-0.47154452943695435,-0.5177550246676917,0.713845565363713,15.362563127085897,-0.6512651404919895,-0.34131210775553333,-0.677760844162175,13.510400042954194,-0.594558217114212,0.7844971507474278,0.17625194163791963,12.624212465874953,78.84595307510159,71.65628452443184,65.99007811825508,23.108315915976853,6.626894526512918,112551.0,372831.2743845405, -2.8421709430404007E-14, 0.0,0.0,61.86539792721132, 118.27813587767241,118.27813587767241,0.0, 186.2347367207139, 23.858804345314294, -15.574037011138813, 23.858804345314294, 182.61302330476587, -22.967443745082576, -15.574037011138813, -22.967443745082576, 209.06223551242888, 6.1110662469073675, 4.7205191718969655, 22.0, 0.0
30, 0 ,1.0,1.0,1.0,134.25162355359674,24.364260017753967,249.52806372739875,15.089292362085434,13.879418198398136,14.524412061043373,75.0,60.0,73.0,-0.8507100818474163,-0.16408119862755538,-0.4993693191417623,15.599197385086757,0.29075067951933387,0.6445680693867665,-0.7071039854830843,14.585024829978487,0.4378999874425759,-0.7467324582365236,-0.5006338350669385,13.237281854048092,81.83769936276735,77.6866904314576,63.25367715833,24.153269276919417,6.9212081654957895,128422.0,402147.9042827122, 0.0, 0.0,0.0,NaN, 145.48034899633316,145.48034899633316,0.0, 227.68674398848984, 16.534396768359922, 21.22499376051483, 16.534396768359922, 192.63824952602536, -11.509720243447306, 21.22499376051483, -11.509720243447306, 210.9585457189822, 7.7809737725055585, 5.2463232850893595, 21.0, 0.0
31, 0 ,1.0,1.0,1.0,20.364237856646955,253.9114520162943,81.89958260491339,11.914199856182643,16.612960388499527,15.206120480505582,50.0,81.0,81.0,-0.1728036112633735,0.9666263217480173,0.18913610453384233,16.798266058681016,-0.014172566378750293,0.18956478602571092,-0.9817659243736601,15.144973708734232,-0.9848543294805464,-0.17233324114321652,-0.0190579038851905,11.730845661506358,86.02127222478296,79.32200592687991,53.75987233916833,24.295361013085724,7.674642948978178,119551.0,366824.0304775983, 0.0, 0.0,0.0,NaN, 96.15819294052622,96.15819294052622,NaN, 141.94815821306253, -24.394820436880984, -3.4482800188283296, -24.394820436880984, 275.9904528698544, 9.353848829834499, -3.4482800188283296, 9.353848829834499, 231.22610006765134, 6.624853046622683, 5.234201374316612, 18.0, 0.0
32, 0 ,1.0,1.0,1.0,165.28034892894888,11.302573797579528,219.08264733465322,16.659377493999482,7.628077246858009,14.068258983702899,84.0,31.0,72.0,0.9672102463568647,0.045722129976583925,0.24982759289697648,16.833344659302007,-0.25320947429582086,0.09717766641084336,0.9625182924380069,13.923422259416682,-0.01973072398892378,0.9942162682139873,-0.105568511164673,7.511002061727528,84.44550787055209,73.13504498677239,34.83129378921994,21.73417679303975,7.827125330098859,67177.0,215115.493520135, 0.0, 0.0,-2.8421709430404007E-14,75.53268974004263, 157.5587208678834,157.5587208678834,0.0, 277.53485848757646, 6.654176692471891, 21.3400643486083, 6.654176692471891, 58.18756248403286, 15.448428930673412, 21.3400643486083, 15.448428930673412, 197.91591083253732, 6.836150819215976, 4.812771574072878, 19.0, 0.0
33, 0 ,1.0,1.0,1.0,59.04856256898092,111.84085772849109,158.29188346384962,13.91941193570224,12.89882192596568,14.729407592998667,71.0,66.0,71.0,0.5490837928065126,0.16976501307382963,0.8183439550783382,15.369928807475668,-0.7626176804848745,-0.298830113884826,0.5736853113401564,13.33875892306343,-0.34193751167294434,0.9390848754886985,0.03461697183883401,12.764320686967835,74.86094428919355,65.41954397862654,63.6384660632671,23.122643165756422,6.513712979806064,114162.0,311661.0405459892, 7.105427357601002E-15, 1.4210854715202004E-14,0.0,68.02050649903055, 189.93762263209103,189.93762263209103,0.0, 193.75002863576995, 10.250479886067371, 26.379467757015764, 10.250479886067371, 166.37960707777293, 7.613644984943841, 26.379467757015764, 7.613644984943841, 216.95544804068678, 6.6039014530135205, 4.933441891833028, 24.0, 0.0
34, 0 ,1.0,1.0,1.0,144.7492846956664,152.6015277992243,58.35844240778251,13.382841597424136,13.970076547073901,13.905486957221378,67.0,67.0,64.0,0.524076562225344,0.619374183836614,0.5845676841245955,14.953124651970755,0.014912699761988486,-0.692945596945931,0.7208356338715891,13.482736087986092,-0.8515405852405823,0.3690555785650384,0.37239308750049444,12.737580076083754,75.63895920057954,67.7168130078423,64.55818807566966,22.92017482585178,6.503202397492085,110093.0,330668.9280568754, 0.0, 0.0,0.0,NaN, 214.67271095156087,214.67271095156087,0.0, 179.10044922174578, 19.712273898560223, 19.005102298416908, 19.712273898560223, 195.16303873110428, 12.453412205925844, 19.005102298416908, 12.453412205925844, 193.36256751745384, 6.14642308776883, 4.728053302735293, 19.0, 0.0
35, 0 ,1.0,1.0,1.0,24.683210368685234,14.421686998445114,264.43568096674215,13.829749235841588,9.14431577338097,19.44002463189683,50.0,41.0,78.0,0.08605693912086125,0.056539688609726274,0.9946846067176591,19.49919001559033,-0.9946872297782259,-0.05173660598193366,0.0889979691767697,13.791259200337976,-0.056493523038198525,0.9970589687743577,-0.051787012284424866,9.076221184133626,81.64711865110627,55.42808500377038,42.150545079097505,24.1286567875528,8.402556409020997,95827.0,190754.12247613672, 0.0, 0.0,0.0,NaN, 45.62966927652706,45.62966927652706,0.0, 191.26196392626096, 6.997841445644634, 15.950138970304602, 6.997841445644634, 83.618510963304, 16.25384878807778, 15.950138970304602, 16.25384878807778, 377.91455768875545, 6.247623709941304, 4.812978387007804, 10.0, 0.0
36, 0 ,1.0,1.0,1.0,53.40390475515555,19.07387853447665,163.71487669194246,15.146560229529271,12.003835731033533,15.64249679025323,87.0,48.0,80.0,-0.5741494174168189,0.18509088119835698,0.7975548960273167,16.323349908761028,0.8140232531901063,0.02451921805049429,0.5803145278312355,14.561588067777798,-0.08785550492555827,-0.9824154791346729,0.16474597600811716,11.819748964253867,88.04599717989092,76.9950688310293,52.862322332604435,23.746293109032177,7.369642356140567,112888.0,358359.3717743989, 0.0, 0.0,0.0,NaN, 147.6124138429358,147.6124138429358,0.0, 229.4182867867578, -12.025481589345409, -23.86912264940316, -12.025481589345409, 144.09207225763737, 19.73937821902386, -23.86912264940316, 19.73937821902386, 244.6877058330826, 6.3832122147129216, 4.749409503485015, 21.0, 0.0
37, 0 ,1.0,1.0,1.0,128.87903420739295,92.98017922847602,209.56538437435654,14.379087057325474,12.632556784595781,14.425225228798135,69.0,64.0,69.0,0.6525366093000645,0.08407933284631162,0.7530781097013074,15.254439966996829,-0.6471184764450953,0.5789062890892016,0.4960898969908056,14.39399045381258,0.3942507463107123,0.811047578284461,-0.4321668367567758,11.599218013667056,72.0573608306367,71.28383650505887,59.27026908287674,23.059626770072423,6.533021632040213,111701.0,304443.2265134273, 0.0, 0.0,0.0,NaN, 182.84840412469495,182.84840412469495,0.0, 206.75814460214497, -21.82905988545157, 24.913800894049803, -21.82905988545157, 159.5814909160369, 27.077991790626562, 24.913800894049803, 27.077991790626562, 208.08712290155424, 6.677734240561513, 4.824915237332333, 27.0, 0.0
38, 0 ,1.0,1.0,1.0,282.2348105866256,255.43173849837524,246.07150034205574,11.07802919490667,14.270106750169644,15.827678974998692,44.0,76.0,89.0,0.23081437676634062,0.3933641639766067,0.8899378393893306,16.359398086128067,-0.11366367589986351,-0.8974720653666228,0.42617421398706956,13.9928452035854,-0.9663360141580649,0.19952074174268458,0.16243823858794001,10.651031715666969,93.72149867574444,78.02197951394785,53.51701799427576,22.781823531276235,7.606748045640136,93552.0,391334.4627653557, 0.0, 0.0,2.8421709430404007E-14,27.134563150640346, 72.18181878788572,72.18181878788572,0.0, 122.7227308432045, 22.400183859310193, 27.681966734928892, 22.400183859310193, 203.63594666123726, 22.476452680694926, 27.681966734928892, 22.476452680694926, 250.51542173561563, 6.361700653319766, 4.897185627298084, 16.0, 0.0
39, 0 ,1.0,1.0,1.0,133.7262242894451,278.3804685563964,54.558054861892145,13.723345122888995,12.458852940982512,15.010881343894873,62.0,53.0,76.0,-0.11897018838543205,-0.01950073946550394,0.9927063087519056,15.0308384512447,-0.9725953886418176,0.20343951665016657,-0.11256364003450994,13.755995825571409,0.19976061741045667,0.9788932956279986,0.043169566900166205,12.398639078015243,74.82744113827727,67.0226677911287,57.89500411836377,22.85903320835264,6.807670487535525,104918.0,290351.2457937144, 0.0, 0.0,0.0,NaN, 146.03660004555425,146.03660004555425,0.0, 188.33020136192116, -6.856911313464857, -4.640351819011153, -6.856911313464857, 155.2230166050286, -2.210654358422828, -4.640351819011153, -2.210654358422828, 225.32655872049114, 6.178334703603868, 4.639184366616473, 15.0, 0.0
40, 0 ,1.0,1.0,1.0,199.8254460750916,175.04258198758907,190.5207339753623,14.455204919722377,12.41590121876844,14.2503315847136,76.0,65.0,67.0,-0.9597104579911198,-0.2696251186909229,-0.0791083572916361,14.61386148207583,0.09169052972375731,-0.03437436296813416,-0.9951940765144816,14.25433420115506,0.265610021613365,-0.9623516501474086,0.057711505586902676,12.224095536445597,77.04394312349436,67.80123128694282,63.095893795752886,22.878996681753332,6.536896316753674,108614.0,329592.3929868521, 0.0, 0.0,0.0,NaN, 193.99744137404537,193.99744137404537,0.0, 208.95294927116598, 16.42664216309782, -0.036058008738312455, 16.42664216309782, 154.15460307421563, 3.207004671257431, -0.036058008738312455, 3.207004671257431, 203.071950274286, 6.61794088853867, 4.834593164413225, 33.0, 0.0
41, 0 ,1.0,1.0,1.0,104.92902063078017,216.14244249466446,275.94018496561534,14.104543391626617,14.362039239847975,12.613689882745998,73.0,69.0,54.0,0.5717719381437905,-0.8103239474852152,0.1282651584931499,14.532187694896313,0.7794918253384329,0.5853324403887992,0.22311079861595987,14.034146782740525,-0.2558697812987148,-0.02758685122430741,0.9663175568402324,12.496788897636778,70.57200532406708,64.4882618443809,57.3301062783832,22.801027197727567,6.665181662924362,105425.0,260913.09506476932, 0.0, 0.0,0.0,NaN, 136.45901956552433,136.45901956552433,0.0, 198.9381442862781, -6.879659500236452, 11.128180261776132, -6.879659500236452, 206.26817112693303, -0.3914228847866707, 11.128180261776132, -0.3914228847866707, 159.10517245808873, 5.385838075076514, 4.376007126455025, 22.0, 0.0
42, 0 ,1.0,1.0,1.0,175.54849703705978,279.96355430010135,173.7964935982069,13.375693510770356,11.31105094441736,15.755211609310097,71.0,49.0,75.0,0.3370818106486921,-0.06565082914929966,0.9391835931072308,16.071241638507157,0.8946179432259581,-0.2884560173949431,-0.341250438368662,13.177002860228132,-0.2933165330968494,-0.9552398100271248,0.03850086689137282,11.097636281373711,78.06676047935318,71.30048107759795,54.77391801465848,22.544139785315952,6.843793140916892,97707.0,304882.4498097961, 0.0, 0.0,0.0,NaN, 178.3730943111296,178.3730943111296,3.3036247397782844E-6, 178.90917689406422, -16.016025484878508, 27.36910676906324, -16.016025484878508, 127.93987346720485, -3.363072106366828, 27.36910676906324, -3.363072106366828, 248.22669285413966, 6.672602288544459, 4.946379923925111, 30.0, 0.0
43, 0 ,1.0,1.0,1.0,240.57033188507074,94.01068473450208,186.5687924730856,13.419821854739832,12.266258257580333,13.71634264857288,65.0,61.0,71.0,0.6289835244991266,-0.3283118769808086,0.7046921578547584,14.105473898823025,0.6600502577125728,-0.2533973706965619,-0.7071940538619059,13.33008078067169,-0.41074734716395117,-0.9099456489029486,-0.05731956769174598,11.917857121901546,64.94681132232319,65.13260362671686,60.208598706370424,21.940319607762724,6.108448364100042,98739.0,254691.69996434482, 0.0, 0.0,0.0,NaN, 158.86010555679013,158.86010555679013,0.0, 180.09161861295283, -17.719611299878935, 8.589716532177306, -17.719611299878935, 150.4610916416577, -6.781495417809786, 8.589716532177306, -6.781495417809786, 188.1380556530593, 6.749634118330489, 4.751894009083492, 19.0, 0.0
44, 0 ,1.0,1.0,1.0,118.37112891692183,169.51038706246905,271.7977135627716,14.425559760745246,12.418079987223223,14.473699490807673,69.0,60.0,63.0,-0.755724348633643,-0.08112426243804667,-0.6498457993448439,14.544836316363625,0.6205116237395237,0.22857646040753252,-0.7501454036063301,14.474218861851503,0.2093944452138022,-0.9701400186526925,-0.12240224884436257,12.27754807767108,71.18275746866252,75.12767067938768,57.05315433877095,22.9694838720616,6.648027721148708,109078.0,305108.5598803269, 0.0, 0.0,0.0,NaN, 178.42262246122448,178.42262246122448,0.0, 208.09677441083247, 12.063234666359321, 2.5125594487603933, 12.063234666359321, 154.20871056907393, -6.870132469119354, 2.5125594487603933, -6.870132469119354, 209.4879769502063, 6.0695892352843135, 4.535436987624785, 17.0, 0.0
45, 0 ,1.0,1.0,1.0,91.89089455988535,268.20718734498155,42.08523948630326,12.11445230931624,15.537307874779925,14.018770753666415,61.0,64.0,65.0,-0.18814635262636398,-0.852556289653309,0.4875948348434168,16.098919882530303,0.42888957735601535,-0.5179436820218888,-0.7401270652320366,13.97468204059727,-0.8835466486998717,-0.06987213483350661,-0.4631017213799078,11.411698588480476,81.31193848586312,67.4836746505228,57.646302794114064,23.187293576233234,6.858807535105538,108858.0,316318.42996119254, 0.0, 0.0,0.0,NaN, 105.95228559192373,105.95228559192373,0.0, 146.7599547546976, 6.230454023556776, -32.48334169855411, 6.230454023556776, 241.40793599569827, -28.661857570172717, -32.48334169855411, -28.661857570172717, 196.5259334438528, 6.902396154171199, 4.65973164282158, 16.0, 0.0
46, 0 ,1.0,1.0,1.0,50.847740192204746,187.03594279742026,47.80359767858812,15.777869407985762,11.58785274256118,14.963909939163559,75.0,60.0,73.0,-0.9814480559875093,-0.19126785238938307,0.013278630979584354,15.922393892656743,-0.005440874232942622,0.09701438653424027,0.9952681074428971,14.993428360468325,-0.1916510117007476,0.9767317018750532,-0.0962552453965066,11.349562706673987,74.5531132979491,72.46506259483724,59.85092290719646,23.656838684594955,6.891449655707453,117687.0,323344.37290574337, 0.0, 0.0,7.105427357601002E-15,89.23916812746965, 132.78386518450944,132.78386518450944,0.0, 248.94116305545296, 23.35983633695295, -2.14505708529727, 23.35983633695295, 134.27833118328266, 8.95164106332512, -2.14505708529727, 8.95164106332512, 223.91860066739793, 6.714315885923396, 4.744136851905389, 26.0, 0.0
47, 0 ,1.0,1.0,1.0,279.51680368233804,234.88953990874555,49.63226869811662,11.771205939195964,13.573773277534153,15.157147751932389,49.0,61.0,75.0,0.20608613363401396,0.027854160230091938,0.9781373376380537,15.29798068114328,0.029523629027314244,-0.9993167049282836,0.022236874338237782,13.573436526955804,0.9780883706766174,0.024295452437717538,-0.2067676718880534,11.587982833730834,78.17137376108694,60.72678045119878,56.84163550677832,22.49952674161468,6.805808888749207,99502.0,269832.69213274313, 0.0, 0.0,0.0,NaN, 84.39369313405336,84.39369313405336,0.0, 138.56128926296233, -0.9013166642622575, 20.139824794845836, -0.9013166642622575, 184.2473209899003, 1.6074979926132673, 20.139824794845836, 1.6074979926132673, 229.73912797390906, 6.2945324354971, 4.585173067253188, 13.0, 0.0
48, 0 ,1.0,1.0,1.0,187.33681497405652,66.94320573570295,61.687046270555,11.943182754280508,13.09756387916188,13.540114155383087,59.0,68.0,73.0,0.0634011518463253,0.5121668832348636,0.8565426887564012,13.768893994646346,-0.17566764750551409,-0.8391413391057718,0.5147646944222679,12.893751753073458,-0.9824058079859045,0.18310351367807826,-0.03676862404692601,11.903327648434358,67.14194330596693,63.84019700263536,57.326703472317035,21.424324878810125,6.206350674818139,88847.0,245722.59562960907, 0.0, 0.0,0.0,NaN, 144.84363200344094,144.84363200344094,0.0, 142.63961430214334, 5.175521608597863, 0.38001441077043924, 5.175521608597863, 171.54617956872602, 10.40163241844118, 0.38001441077043924, 10.40163241844118, 183.33469134080545, 5.933146319369942, 4.525273191848966, 29.0, 0.0
49, 0 ,1.0,1.0,1.0,230.9964279377846,242.4776864391744,286.30629842095925,17.91635598968441,14.942997791109452,7.915938757757623,98.0,75.0,33.0,-0.9580864588075335,-0.28645899140880526,0.0034034821419520957,18.18319730642985,-0.28433272599852133,0.9522923614043658,0.11087903019573181,14.682190857070925,-0.03500340520421294,0.10526397604093367,-0.9938280822014257,7.7945935559691994,106.21020959371694,77.72286598765211,35.76803383565348,23.325282749795406,7.9298339196231,84545.0,295263.7560781232, 0.0, 0.0,0.0,NaN, 90.87258650259228,90.87258650259228,0.0, 320.99581194910036, 32.14945013075437, -5.760665892446396, 32.14945013075437, 223.29318298510196, 16.083267277439614, -5.760665892446396, 16.083267277439614, 62.662086416569295, 6.9509050917076225, 5.195078015391966, 18.0, 0.0
50, 0 ,1.0,1.0,1.0,80.7692475491454,279.8460067751373,120.83008263614433,12.039557685901197,11.661660028675083,13.178516773357124,61.0,49.0,62.0,-0.4566586553805643,0.25531569788910397,0.8522187318273492,13.615124888026521,0.6175343836496875,-0.5985910096674945,0.5102353262521623,11.979234263872192,-0.6404015595518296,-0.7592777473076959,-0.11568554346561469,11.213602854431175,71.61116717305956,62.17846047994517,57.053867319893584,20.487436334921103,5.9062272784556695,77932.0,254042.1648094912, 0.0, 0.0,0.0,NaN, 146.73024113120107,146.73024113120107,0.0, 144.9509492721426, -13.515953140721484, -17.61005266070686, -13.515953140721484, 135.99431462439816, 7.550439122778536, -17.61005266070686, 7.550439122778536, 173.67330434565505, 6.847516407419853, 4.820503167311518, 19.0, 0.0
51, 0 ,1.0,1.0,1.0,25.547765095963783,79.24426449021233,284.14331441688455,13.394772028377067,16.771612637822965,9.336553044790344,62.0,82.0,39.0,0.44368304521092666,-0.8943138984902598,0.057861959520154604,17.73908843457527,0.8842582247228712,0.4473634115561073,0.13399018624823678,12.162416542592082,-0.1457146094333542,-0.00828426025871859,0.9892919809791503,9.234635687365245,84.29065518981463,65.70519059480215,43.556654574661934,22.13568955047705,7.6085070183614505,78415.0,241231.28199286584, 0.0, 0.0,0.0,NaN, 84.75716036816627,84.75716036816627,9.5367431640625E-7, 179.41991769219268, -66.24102394501139, 13.311563040892109, -66.24102394501139, 281.286990473183, -8.11539940497361, 13.311563040892109, -8.11539940497361, 87.17122275818383, 6.3780653521277, 4.7772908887175705, 15.0, 0.0
52, 0 ,1.0,1.0,1.0,24.607482098494813,187.35179850107514,121.74503663806601,13.164601561501849,13.413947679562604,13.20193242121416,54.0,68.0,66.0,0.6597308530270776,0.24831410073285115,-0.7092921182005335,14.496587716212126,0.30977503686045704,-0.9497738568947333,-0.04437394840900406,13.400070013219027,0.6846857878635034,0.19044612922435006,0.7035166264994703,11.739625824720363,75.05650675082062,67.52880204590605,62.494678614555255,22.04061087252187,6.46089921322987,95802.0,316752.77785024367, 0.0, 0.0,0.0,NaN, 167.6812435013951,167.6812435013951,1.9073486328125E-6, 173.3067342730969, -0.43198439662606497, -34.42108350830035, -0.43198439662606497, 179.93399235004298, -10.9804071920496, -34.42108350830035, -10.9804071920496, 174.2910196543056, 6.679867766031502, 4.700514895104406, 15.0, 0.0
53, 0 ,1.0,1.0,1.0,166.72985508508717,160.13571483009787,253.91629557851644,13.628959213086702,12.602730088077724,12.409903721247646,63.0,61.0,62.0,-0.96235513031645,-0.01057364617796145,-0.2715893980996152,13.726738875557208,-0.16814331331505117,0.8082408787311395,0.5643354570956457,12.934237014082955,0.21354257032508653,0.588757063613183,-0.7795926440805718,11.9526230586156,64.65703830466518,63.24094088015474,58.38278863267692,21.497636172655472,6.0361149975514445,91847.0,238725.58431763595, 0.0, 0.0,-2.8421709430404007E-14,74.24113279125538, 198.61182644781314,198.61182644781314,NaN, 185.7485292319809, -2.8563659524602043, 9.589253061005245, -2.8563659524602043, 158.82880567293955, 11.273491519742505, 9.589253061005245, 11.273491519742505, 154.0057103706362, 6.035674651632771, 4.501966730715635, 24.0, 0.0
54, 0 ,1.0,1.0,1.0,133.57220658492133,142.82309359733412,172.74910220324176,13.628535245976956,12.60526162233781,12.558714482977255,60.0,63.0,59.0,-0.8795804532152584,0.39715973130685406,0.2619205493081991,13.944338361756788,0.4317334633105781,0.4350631947293528,0.7901431726274318,12.532946535786687,-0.19986105918736352,-0.8080743557496167,0.5541402282819287,12.281350974844418,70.63838569342967,63.407286019311954,61.456366745606076,21.57137943662153,6.08493978480307,92727.0,275262.3491877162, 0.0, 0.0,0.0,NaN, 233.30829695224895,233.30829695224895,0.0, 185.73697295083613, -14.062835238721648, -7.917829907166333, -14.062835238721648, 158.89262056758244, 6.682975536165083, -7.917829907166333, 6.682975536165083, 157.72130946494264, 6.131543312970021, 4.568627401677856, 24.0, 0.0
55, 0 ,1.0,1.0,1.0,280.2933034537306,149.46476403901926,178.18813604007383,11.462657305299489,11.819224964185096,13.277880904277941,47.0,52.0,57.0,-0.30964797212072614,-0.11605359108208187,0.943742389298306,13.47026355958389,0.42937927625606037,0.8684968342373531,0.24768263169127755,12.02494555889819,-0.848381736297608,0.4819178487218004,-0.2190972765691257,11.015507092359469,62.85956402671434,59.192949029267766,59.36242307031651,20.33718395623775,5.812715483404079,75860.0,220878.25452983077, 0.0, -2.8421709430404007E-14,2.8421709430404007E-14,45.97489220103546, 193.82001903672906,193.82001903672906,0.0, 131.39251249873573, 10.833192725175664, -15.091352845921943, 10.833192725175664, 139.6940787540162, -1.5801095750709309, -15.091352845921943, -1.5801095750709309, 176.3021213081888, 6.445348986826941, 4.704208894904995, 15.0, 0.0
56, 0 ,1.0,1.0,1.0,83.5633721374254,207.34362896450898,191.4327547268621,14.423550134664389,13.008598648855976,11.108329357366012,69.0,63.0,57.0,-0.9510919411183647,0.25123987326233194,-0.17972936772500137,14.618213031057204,0.2649684225430607,0.9625964516088484,-0.0565668313156747,12.912717936987246,-0.1587950080913863,0.10142286444969537,0.9820883605725486,10.9648065037351,69.18225541836536,63.33113083901432,56.303534993025124,21.52984148427699,6.092892914522441,91657.0,246687.77162540396, 0.0, 0.0,0.0,NaN, 165.3931286439739,165.3931286439739,0.0, 208.0387984871771, -10.470645655436511, 15.279725980220018, -10.470645655436511, 169.22363880701755, -6.753025332241459, 15.279725980220018, -6.753025332241459, 123.3949811117196, 6.142959031520318, 4.474035683622519, 20.0, 0.0
57, 0 ,1.0,1.0,1.0,287.01723050363535,81.94757810165665,285.6427741442847,8.229365387344203,12.286821317268341,7.76920549937924,37.0,63.0,34.0,0.08160028180300516,0.99534376031072,-0.05130490054746743,12.317198687451796,-0.8513138479809343,0.09637562642260639,0.5157290673091296,8.442261033795734,0.5182722510858213,0.00159293507891747,0.8552142049289579,7.487578512681714,63.6741366238831,48.77294754056757,34.49708850344757,15.789613255163026,5.453173397652315,30121.0,107133.30684918884, 0.0, 0.0,0.0,NaN, 84.20265907199648,84.20265907199648,0.0, 67.7224546784188, 6.520939111093248, -7.0774409807404295, 6.520939111093248, 150.96597808247972, -4.128550168526083, -7.0774409807404295, -4.128550168526083, 60.360554091584625, 7.40426395343581, 4.760432952986061, 8.0, 0.0
58, 0 ,1.0,1.0,1.0,32.70898595807137,117.1673640167364,99.44699774365266,13.818884395927213,13.301225154601596,11.944365996414858,62.0,70.0,61.0,0.7401065699608299,0.6270025506390904,0.2431256189563144,14.566021374916504,-0.664350867299616,0.6256186103501529,0.4089489937654722,12.887515777606898,0.10430815030027046,-0.4641865528810799,0.8795741321260632,11.501956094731332,75.12497733309428,60.05179666806717,60.308255830713755,21.69272037918485,6.322809357256509,91298.0,272074.0540400548, 0.0, 0.0,0.0,NaN, 157.12343654993606,157.12343654993606,0.0, 190.9615659480006, 23.01999709260527, 5.191343545873664, 23.01999709260527, 176.92259061340627, 20.82184576307246, 5.191343545873664, 20.82184576307246, 142.66787905631148, 5.887517438948778, 4.319059568350791, 19.0, 0.0
59, 0 ,1.0,1.0,1.0,87.82312638580932,159.3429379157428,105.57827050997783,12.57300991220158,12.126926162617146,13.83675710272182,65.0,60.0,67.0,0.10305114311675934,0.3210309933594221,0.9414454648066406,14.097281813621853,0.8811549950259722,-0.46856732576431703,0.06332879255800873,12.815168171594001,0.46146108898054244,0.8230332693936121,-0.3311644619039805,11.560141596308437,65.61886305562757,61.96074793433135,60.041110010755176,21.44246425476366,6.067906575484153,90200.0,244114.7748398535, 0.0, 0.0,0.0,NaN, 196.58098037763082,196.58098037763082,0.0, 158.08057825231919, -10.477137122973799, 8.022557956942087, -10.477137122973799, 147.06233815356822, 18.766544992404167, 8.022557956942087, 18.766544992404167, 191.45584711972273, 6.701312759713561, 4.556850031392022, 18.0, 0.0
60, 0 ,1.0,1.0,1.0,104.82283661877715,230.05901866259367,155.72144527707508,13.528751557219655,11.218496423023929,12.83572561138018,64.0,55.0,62.0,-0.9090143802758789,0.22795168623785925,-0.3488995345267411,13.894789641301179,-0.2619653003004103,0.33858772607690324,0.903732556229213,12.813290684508468,0.32414046012519937,0.912905460872805,-0.24806568004952947,10.788514045932972,67.53865717688097,61.76917741635745,56.40142414727461,20.934751130848294,5.947590079220222,83804.0,235295.87285383468, -1.4210854715202004E-14, 0.0,0.0,24.630500427283877, 191.5616592645363,191.5616592645363,0.0, 183.02711869697325, -20.12629170345664, 13.00351174202597, -20.12629170345664, 125.85466199340067, 8.524912076506922, 13.00351174202597, 8.524912076506922, 164.7558519706411, 6.518463018891689, 4.545120389215187, 19.0, 0.0
61, 0 ,1.0,1.0,1.0,217.36164184525973,115.51664850466157,150.59496307058967,12.44246839467904,11.593724168938163,13.268993589503125,67.0,57.0,64.0,-0.21448849732468542,0.19797742883332015,0.9564515785903362,13.384292616785592,0.9765654354310633,0.06125217359502477,0.20632043415818616,12.395522660622353,-0.01773794905663863,0.9782909122047656,-0.20647580066640125,11.511184989154646,63.96905621520676,66.95794329995664,59.164761115459825,20.76071301968219,5.855633667732127,82590.0,253416.66071503304, 0.0, 0.0,0.0,NaN, 206.1432981693538,206.1432981693538,3.814697265625E-6, 154.8150197525868, -0.7155497946148137, -5.306712156343084, -0.7155497946148137, 134.4144401054209, 9.097202152535246, -5.306712156343084, 9.097202152535246, 176.06619087827505, 6.015504365249023, 4.453633359283525, 24.0, 0.0
62, 0 ,1.0,1.0,1.0,172.9905806751127,199.47460691727855,53.2787313843109,13.631287585641905,12.108966971408384,11.573877797677318,66.0,60.0,56.0,-0.9790797469276858,-0.13012336549731668,0.15643132329450904,13.701655790423127,0.16175224794611803,-0.9641446472424317,0.21038371961286595,12.112959555324453,0.12344658537358116,0.2312855571483428,0.965022244103308,11.486277423279507,65.29917033257189,60.20098425661344,51.17739416467296,20.765960053298013,5.930314721646106,81853.0,201182.14022939434, 0.0, 0.0,0.0,NaN, 170.51501537871164,170.51501537871164,0.0, 185.8120012424751, 4.802669687527881, -8.043102856373196, 4.802669687527881, 146.62708111465912, -4.135696392529365, -8.043102856373196, -4.135696392529365, 133.95464727556794, 5.704301654425599, 4.3621799832265715, 18.0, 0.0
63, 0 ,1.0,1.0,1.0,204.55862553415676,21.59754141544225,159.03244160861675,13.46972087129027,12.254206657144318,12.618628035935211,65.0,57.0,66.0,-0.7722411162160884,-0.3902771582535773,0.5013256408471863,13.952204154042278,0.6351609365593848,-0.4924339815502405,0.5950456776446513,12.724020507037183,0.014637045273377142,0.7779412018655965,0.6281665729291678,11.58723591009459,72.86555224274015,64.96932182515926,63.884563150490905,21.252952114293237,6.256257753919544,85415.0,302431.1518813098, -2.8421709430404007E-14, -3.552713678800501E-15,0.0,34.46099015947525, 171.60233761213482,171.60233761213482,1.9073486328125E-6, 181.43338035047273, 9.559776518903893, -12.938230420361428, 9.559776518903893, 150.1655807960001, -19.915726596758777, -12.938230420361428, -19.915726596758777, 159.2297735092901, 5.606057983399247, 4.166417309585123, 28.0, 0.0
64, 0 ,1.0,1.0,1.0,36.73958075616833,79.84174894851668,121.52260407998021,13.047502228609826,11.45669867093917,14.229410199919258,75.0,61.0,71.0,0.014360917591123137,0.05346075096327366,0.9984666805419118,14.236313895783836,0.9736492292493794,0.226548430843113,-0.026134017383707447,13.133711515836147,-0.2275982039209222,0.9725316224107912,-0.048798575624748264,11.349112826972378,70.3421658912519,71.12424496919718,58.36485212876611,21.53700807113193,6.334560507551254,88922.0,292001.3068341013, 0.0, 0.0,1.4210854715202004E-14,3.173287799839219, 149.97414767778014,149.97414767778014,0.0, 170.2373144055784, 9.694241924392196, -0.05254107329889838, 9.694241924392196, 131.25594443669937, 3.6844210050771498, -0.05254107329889838, 3.6844210050771498, 202.4761146375662, 5.603772611807107, 4.261971798480711, 22.0, 0.0
65, 0 ,1.0,1.0,1.0,98.86237037037037,272.00298412698413,214.66066666666666,12.595032189827888,12.961588003857933,14.593649266740785,59.0,60.0,72.0,0.30695516450696925,0.21689745848347178,-0.9266790272181142,15.073075703841655,0.617708101442921,-0.786137386198897,0.0206085281412376,13.641081128529061,0.724027090925665,0.578743036695714,0.3752882479933814,11.239906264571115,74.55459605113953,72.28161567322324,58.77352276072622,22.226061503911662,6.753842490727514,94500.0,316726.20361575903, 0.0, 0.0,-2.8421709430404007E-14,22.077084620057228, 133.56797141088865,133.56797141088865,0.0, 158.63483586280068, -22.29652051263952, -27.929580627865583, -22.29652051263952, 168.0027635817539, -21.240627597883496, -27.929580627865583, -21.240627597883496, 212.97459892064384, 5.594413271617322, 4.308093686389639, 21.0, 0.0
66, 0 ,1.0,1.0,1.0,220.39172827074685,139.28362845985706,206.26121767320774,12.928417062056624,12.461180251311275,11.817627830888133,66.0,61.0,63.0,-0.4694324201939853,0.7103257709057362,0.5244716408520012,13.365650005798786,-0.8827840004413254,-0.365428690246004,-0.29521903886758527,12.80284853920818,0.018044706581948598,0.6015805611323084,-0.7986083001272333,10.932876004973012,63.39390928974288,65.996419153386,55.74294526578022,20.68531386570256,5.847999556505115,81434.0,233215.71837360456, 0.0, 0.0,-2.8421709430404007E-14,58.36731881669804, 185.80733407691918,185.80733407691918,0.0, 167.14396773047685, -5.392756684793093, -2.986391971109567, -5.392756684793093, 155.2810132556701, 26.810566291744376, -2.986391971109567, 26.810566291744376, 139.65632754938176, 5.816855957042165, 4.296466138730152, 21.0, 0.0
67, 0 ,1.0,1.0,1.0,44.163274480495396,48.93942390901224,242.40328616864653,12.117341727308506,12.16636823457153,14.051174777904034,74.0,63.0,69.0,0.24048671421008253,0.23099170961695673,0.9427666574379227,14.212917570847829,-0.6484997324895606,-0.6844532279064369,0.3331244148504091,12.686816925269348,-0.7222286599473926,0.6914959210991017,0.014803845915801077,11.372055646353209,66.50407541393491,65.87487551883422,54.847413541011775,21.326631977253452,6.12052021493644,88979.0,240283.64962141053, 0.0, 0.0,0.0,NaN, 87.53766886064764,87.53766886064764,0.0, 146.8299705363719, 18.077872862694747, 9.64555747470675, 18.077872862694747, 148.02051601919118, 8.616074719304423, 9.64555747470675, 8.616074719304423, 197.43551263920648, 6.570972072256757, 4.597650568114422, 22.0, 0.0
68, 0 ,1.0,1.0,1.0,284.0575628410947,188.93456957335778,254.7763813090069,9.452451304548504,11.801337313370313,11.312428914323435,39.0,54.0,51.0,-0.29093171001484136,0.9567208731901581,-0.006626530774274722,12.015211417569631,-0.03224168100052477,-0.0028817906469629645,0.9994759473288629,11.314340640041056,-0.9562004047866229,-0.29099289696645386,-0.031684693480766135,9.176700739516779,57.79459181182297,51.03199309447916,44.922623596220774,18.06589502317347,5.496806618580888,50206.0,132493.58256835255, 0.0, 0.0,0.0,NaN, 120.97465365079286,120.97465365079286,0.0, 89.34883566486072, -16.739073140003306, -1.2955571442262224, -16.739073140003306, 139.27156238394642, -0.5075207624569609, -1.2955571442262224, -0.5075207624569609, 127.9710479416209, 6.207308485962734, 4.476382801359318, 11.0, 0.0
69, 0 ,1.0,1.0,1.0,227.97656819610307,246.45531112507857,246.7379132620993,13.339130360789888,11.94306977029018,11.394337778932512,62.0,57.0,53.0,0.9848619112244827,-0.0846391998045123,0.151272012202228,13.397502864712969,0.0330488702235379,0.9483634603603094,0.3154592195995669,11.99895850302255,-0.17016106486563506,-0.30568440082848825,0.9368042800360818,11.266417335307837,63.80234110296482,60.63428660265947,59.015289321929586,20.44012089312936,5.709790330204264,79550.0,228307.10516020306, 0.0, 0.0,0.0,NaN, 104.3611916336642,104.3611916336642,0.0, 177.93239878214658, -3.8472067889736272, 8.008315151736445, -3.8472067889736272, 142.6369155380191, 4.4257420697260335, 8.008315151736445, 4.4257420697260335, 129.83093342040868, 6.068439821939211, 4.3256952953598224, 22.0, 0.0
70, 0 ,1.0,1.0,1.0,101.76143996341499,18.64339611855832,52.64261011232744,12.863024866389988,11.268300672333313,11.77069646887645,67.0,50.0,57.0,-0.8186046068544897,0.019365379077714778,0.5740309048559871,13.847381852427853,0.13859298256027405,-0.963238536864962,0.23013801572816098,11.3216884881874,0.55738539882352,0.2679486950731877,0.7858275981326451,10.5380591062772,67.50197592970837,51.62675140725494,53.97828816981027,19.907327891094646,5.88893881393991,69974.0,188109.35373948578, 0.0, 0.0,0.0,NaN, 116.07847036250826,116.07847036250826,0.0, 165.4574087133672, -3.566107248305184, -37.37458069275532, -3.566107248305184, 126.9746000421074, -2.900247947338916, -37.37458069275532, -2.900247947338916, 138.54929536242054, 6.995303828104098, 4.597050725357204, 15.0, 0.0
71, 0 ,1.0,1.0,1.0,133.45683932324724,177.0987139200466,205.43688219257902,14.623343993644312,11.401209647723029,13.420285716381613,69.0,58.0,67.0,-0.9478689418886407,-0.06183515251905271,-0.3126033955603398,14.812655347393902,0.26372496809574025,0.39841918170315627,-0.8784709994381645,13.618129600505332,0.17886757729060204,-0.9151166972380798,-0.36134169456382664,10.911719728817516,69.0957902174863,67.74956585762067,55.90602599307468,22.0072510650763,6.294024170261946,96106.0,261707.83618893227, 0.0, 0.0,0.0,NaN, 204.5913911476183,204.5913911476183,0.0, 213.84218955645318, 12.857198981753006, 14.353772785620139, 12.857198981753006, 129.98758143133267, -21.295982575083183, 14.353772785620139, -21.295982575083183, 180.10406870931635, 7.200401904376923, 4.807138025510995, 18.0, 0.0
72, 0 ,1.0,1.0,1.0,168.35560843975097,232.01435310116227,20.785139068907636,14.584484603552239,12.10141965467249,12.888918628352128,63.0,59.0,53.0,-0.9538897028560998,0.24752748780390996,0.16977802439240203,14.795762613271862,0.18062692877140923,0.021626190413494305,0.9833138972326217,12.831925437784724,-0.23972556682112595,-0.9686394843643763,0.06533913025596018,11.903901480979606,68.84680409379983,57.54845320142128,55.91557337986342,21.990945232206055,6.455548002466257,94126.0,221539.01611818362, 0.0, 0.0,0.0,NaN, 149.6138897951505,149.6138897951505,0.0, 212.7071911512523, -18.141092014981385, -8.427216443006989, -18.141092014981385, 146.44435765849366, 3.7329566444754962, -8.427216443006989, 3.7329566444754962, 166.12422340828252, 6.85981597741168, 4.517155446626222, 16.0, 0.0
73, 0 ,1.0,1.0,1.0,164.67096767602467,26.04446079032324,103.86025295247435,12.622029846574199,14.043406365175809,13.62824721773414,58.0,57.0,69.0,-0.04401873475914812,0.7619895922926017,0.646091489053957,14.972905222438229,-0.7120333800203587,-0.4775661975928806,0.5147222480653636,12.984808548469845,0.7007644516718778,-0.43738128464125403,0.5635838847222119,12.2257465282254,78.53519387906343,68.33882620233594,70.40036614838354,22.324499492222685,6.624103292879315,97884.0,377838.9738743325, 0.0, 0.0,0.0,NaN, 172.56654678979413,172.56654678979413,1.9073486328125E-6, 159.31563744780988, 4.0009802283718665, -9.138488753623278, 4.0009802283718665, 197.2172623374604, 32.08130214489441, -9.138488753623278, 32.08130214489441, 185.72912222767835, 5.711558811355292, 4.232643299790109, 29.0, 0.0
74, 0 ,1.0,1.0,1.0,158.18253353679367,113.89214703805771,128.0222629649031,12.455806666244385,11.494424626219839,14.215748209762797,61.0,57.0,69.0,-0.32107258352829476,-0.058025851058750966,0.9452753020762645,14.403713170135704,0.7749643245606486,0.557629715318447,0.2974548642267012,12.848623983803334,0.5443736692426665,-0.8280592377377213,0.13407164887663958,10.807512340653352,67.49899181391179,66.02367180807218,54.096799543563705,21.276908520136022,6.053889508723962,87814.0,241084.0794705248, 0.0, 1.4210854715202004E-14,0.0,86.6734951244526, 222.42597592375762,222.42597592375762,2.6973983046972182E-6, 155.14711970685806, 22.555079772325225, -16.386428736470666, 22.555079772325225, 132.12179748784908, 3.0359948589131287, -16.386428736470666, 3.0359948589131287, 202.08749716337417, 6.703515741326323, 4.512218555455306, 25.0, 0.0
75, 0 ,1.0,1.0,1.0,267.5954918520281,66.4047698346616,157.81709289877483,13.933992335227376,11.260811036475383,12.852340740636201,65.0,59.0,59.0,-0.9093234834413592,0.033476925571673366,-0.41474100100706324,14.178915642930097,0.38504824998642967,0.44547359791560115,-0.8082642629378822,12.992943195371572,0.15769796334911954,-0.8946689717512274,-0.4179698354440685,10.783619449114383,70.38400519616937,63.49289625132674,53.18820871266895,21.158349310354087,6.202332188122013,84070.0,237691.9529713172, 0.0, 0.0,0.0,NaN, 160.23615283968218,160.23615283968218,NaN, 194.15614239817526, 6.430367643241795, 15.615580804194526, 6.430367643241795, 126.8058651992058, -20.090779757968008, 15.615580804194526, -20.090779757968008, 165.1826625134171, 5.559284869101565, 4.165690065728554, 17.0, 0.0
76, 0 ,1.0,1.0,1.0,184.24707407452703,231.4109625897345,209.78200785138623,12.972503469090505,12.179343630507306,12.275184368439623,61.0,65.0,65.0,-0.8119593792497036,0.5831816291589889,0.024922958490191143,13.771363717311498,0.007418653576301462,0.0530038695612286,-0.9985667495919595,12.276370728779835,0.5836667970919288,0.8106107433429464,0.04736341150556103,11.266883859337623,64.0429293469909,64.44571449910606,55.6068269416748,20.790610665056803,5.920550394921513,81769.0,229505.63090935498, 0.0, 0.0,0.0,NaN, 161.9953148103431,161.9953148103431,0.0, 168.28584625556516, -29.684032789937635, -1.4450452447938875, -29.684032789937635, 148.33641126997887, -0.34648328630630537, -1.4450452447938875, -0.34648328630630537, 150.68015127918446, 5.351308993638465, 4.127401065723653, 22.0, 0.0
77, 0 ,1.0,1.0,1.0,196.86606820642368,211.91713280404187,255.57307831107903,10.586172568207141,14.260012932223756,13.466057301875152,56.0,68.0,62.0,0.04279294924251472,0.9077556026375895,0.41731107027635145,14.467098137916459,0.040282333626417394,-0.4189217046511283,0.907128402691594,13.25397933907827,-0.9982715547849379,0.02200843593395547,0.05449340928042045,10.572834098557287,69.23879378910698,61.919944582041126,56.28360557181051,21.419599739569886,6.160394851384316,88672.0,241302.57883235547, 0.0, 0.0,2.8421709430404007E-14,65.33505986603559, 142.71983306960658,142.71983306960658,0.0, 112.06704964386138, 2.70987311869362, 4.075738429519769, 2.70987311869362, 203.34796882718874, 12.662587732653531, 4.075738429519769, 12.662587732653531, 181.33469925738507, 6.258879120732872, 4.4250254634572705, 23.0, 0.0
78, 0 ,1.0,1.0,1.0,17.652773401560314,216.5375143364884,39.794411605308596,10.541386466941644,13.533309808691929,13.51511233763434,44.0,71.0,70.0,-0.3869196491773212,-0.9220627310413734,0.009669803773756805,14.096045981067467,-0.16055114841458062,0.0570373132082718,-0.9853781373892674,13.613657529256871,0.9080289168431027,-0.3828146613264772,-0.1701070875955384,9.638432491752633,73.12775663105353,73.28599568486482,51.5500309326749,20.920867798516227,6.264731046050488,79343.0,276269.01132921065, 0.0, 0.0,0.0,NaN, 94.13395836206736,94.13395836206736,0.0, 111.12082864542045, 36.89890122594586, 14.22727952971578, 36.89890122594586, 183.15047437803716, -6.138324315228857, 14.22727952971578, -6.138324315228857, 182.65826149887596, 6.270412235136328, 4.3628957468902625, 14.0, 0.0
79, 0 ,1.0,1.0,1.0,271.14820204874604,287.0795196043801,265.70173083716,16.585736705977286,7.877289601649848,14.709705529960525,74.0,32.0,68.0,0.8550240170417618,-0.032117483291529324,0.5175928878460245,17.550656577739517,0.5153846169088828,0.16339838068410367,-0.8412369855418252,13.679630797035946,0.057555424900293244,-0.9860372388793596,-0.15626239665292363,7.639106313794077,84.31584684076995,67.46145955333617,36.118925085282115,22.17523958275156,7.859550863373266,70775.0,205446.97750944493, 0.0, 0.0,0.0,NaN, 46.64478884334454,46.64478884334454,0.0, 275.0866620800023, 3.988412841676524, 54.66001476861901, 3.988412841676524, 62.05169146826082, -21.851633220084874, 54.66001476861901, -21.851633220084874, 216.37543677815123, 6.378747849066912, 4.397815066908979, 12.0, 0.0
80, 0 ,1.0,1.0,1.0,187.5231767394977,157.37229013160697,36.176980848133795,10.76755544917196,12.817102912210842,12.412486366770102,51.0,63.0,64.0,0.013584042023717564,0.7672586840809176,0.6411938751303826,13.740177557352748,-0.49441645053833133,-0.5522226404865641,0.6712693414503041,11.666015580906473,-0.8691190063733366,0.32613535079237643,-0.3718438996731806,10.459435758056813,63.609673886356774,61.12773001243531,51.26984957346065,19.97362657757524,5.944950509296531,70437.0,199353.32368325902, 2.8421709430404007E-14, 0.0,0.0,89.221667784947, 185.20926903468683,185.20926903468683,0.0, 115.94025035099276, 8.116256177295378, -8.168575056214364, 8.116256177295378, 164.27812706220365, 29.162159535746714, -8.168575056214364, 29.162159535746714, 154.06981780525362, 5.700867706019534, 4.103572867713153, 16.0, 0.0
81, 0 ,1.0,1.0,1.0,289.5615669482699,159.68722755853875,55.235698028777534,6.673482866814562,12.180422451082924,17.447887132368546,29.0,57.0,78.0,0.0438222899935186,0.24416710227733424,0.9687425009078587,17.76881303352603,0.08646203222305024,-0.9669626592577649,0.2398072821767756,11.759848628458133,-0.9952908740079881,-0.07325054106722535,0.06348570193180939,6.580431115035777,87.43845850241532,60.991035700526695,32.5748435854764,20.76913376658006,8.122186443947816,51846.0,173720.40769197047, 0.0, 0.0,0.0,NaN, 151.1542832059715,151.1542832059715,0.0, 44.535373573667506, -5.026880190698215, 13.53486579277387, -5.026880190698215, 148.36269108684493, 42.41174013877137, 13.53486579277387, 42.41174013877137, 304.42876538387185, 5.262414789608989, 4.257233760528123, 14.0, 0.0
82, 0 ,1.0,1.0,1.0,228.81112100524388,123.52912585336895,88.60392549718017,13.522797463968248,11.686075218810277,11.990211490611292,62.0,63.0,55.0,-0.9371588113107567,0.34823746817241147,0.02154131248271869,13.800463496981147,-0.12081715141928565,-0.3818179340049964,0.9163068706471025,12.13311443196714,0.3273172441310401,0.8561224976795233,0.3998971000913063,11.204031341890575,63.01837107378293,62.3074489331363,58.528499842124944,20.706611803219857,5.867862003449778,80856.0,229812.97037277705, 0.0, 0.0,0.0,NaN, 167.86291144900756,167.86291144900756,1.9073486328125E-6, 182.86605125150606, -20.187496165619677, -3.710965788650119, -20.187496165619677, 136.56435401969165, -7.098752653431875, -3.710965788650119, -7.098752653431875, 143.76517158958706, 6.222328404033749, 4.104152950231979, 22.0, 0.0
83, 0 ,1.0,1.0,1.0,126.23167795334838,124.55038876348131,93.41970152997241,13.333529899553183,12.25872157085146,11.298932458599632,61.0,63.0,55.0,-0.9627960492573843,0.25854117970809354,0.07861441298845916,13.401780863915302,-0.26617033442373417,-0.8570859674954148,-0.4410861564311522,12.4767762829758,-0.04665962502132115,-0.4456008333897016,0.894014975643738,10.974856358882333,62.08434859749218,66.37029653631984,57.123983619575384,20.55089074031026,5.7780653005772695,79740.0,235382.6092459902, 0.0, 0.0,0.0,NaN, 200.4357166125871,200.4357166125871,0.0, 177.7830195822787, -6.690981715783149, -0.3425578889478613, -6.690981715783149, 150.27625455165887, 14.518248548439589, -0.3425578889478613, 14.518248548439589, 127.66587470399631, 5.373708977463746, 4.1327902280008875, 20.0, 0.0
84, 0 ,1.0,1.0,1.0,188.85801450673972,286.4613672446534,274.8193661862217,15.383031411014331,8.249896456529433,13.255717568703181,75.0,35.0,55.0,0.8564059655543487,-0.07701585932608912,0.5105265708806819,16.43503046728056,0.5162776867167751,0.11794419885361015,-0.8482608774163499,12.022884360893928,-0.005115893010919493,-0.9900291527874541,-0.14076968519413804,8.108792781978625,84.79631045748823,62.08261949304679,39.188820950950344,20.716210643556582,7.158988180513756,64246.0,206304.73067106845, 0.0, 0.0,0.0,NaN, 114.76018401663451,114.76018401663451,0.0, 236.63765539225358, -8.680671294621757, 54.840554405733, -8.680671294621757, 68.06079154345689, -15.918529295610417, 54.840554405733, -15.918529295610417, 175.7140482612262, 5.81701399137847, 4.34940904304166, 11.0, 0.0
85, 0 ,1.0,1.0,1.0,122.54243373189094,19.572135762636808,16.313231479724173,13.420742431882855,11.246601722592425,10.202471559750931,65.0,44.0,41.0,0.9663902079026894,-0.19439410246304892,0.16822871038375847,13.614547731546894,0.13206080219324431,0.9368254081996671,0.32391063439721224,11.252903491487167,-0.220567247328051,-0.29080764687179966,0.9310107421115041,9.935243164301196,65.66393948320781,54.85215477066012,48.884388157379796,19.408883388793814,5.829927037043806,63228.0,176072.20827212158, 0.0, 0.0,0.0,NaN, 125.1632457415396,125.1632457415396,0.0, 180.11632742294094, -12.823472832465901, 15.280826531598704, -12.823472832465901, 126.48605030661892, 5.638306623979508, 15.280826531598704, 5.638306623979508, 104.0904259275266, 6.934861074033669, 4.490971019029327, 12.0, 0.0
86, 0 ,1.0,1.0,1.0,215.00196373360075,17.519874098214533,98.29844572574581,12.730511125939177,10.587839200108737,12.889560525604194,58.0,44.0,66.0,0.6446443216474645,0.07101607325530795,0.7611769938109514,13.265041207211796,-0.7600029706160096,-0.04809748331859766,0.6481374211949641,12.355741249324845,-0.08263887234541067,0.9963148846814512,-0.022966657128650547,10.568034961568763,73.55783976779219,60.8962759935836,47.157354187348396,20.10676725787969,6.002244033332886,71802.0,211236.5821762538, 0.0, 0.0,0.0,NaN, 131.12664332491244,131.12664332491244,0.0, 162.06591352766117, 4.440679894044062, 11.353777320306918, 4.440679894044062, 112.10233892735924, 2.197064398615102, 11.353777320306918, 2.197064398615102, 166.14077054321388, 6.016713774635338, 4.244173085455484, 14.0, 0.0
87, 0 ,1.0,1.0,1.0,106.85275074919531,188.1239286198774,157.1248658847904,13.686897416894714,11.948789050478414,11.923809211060565,66.0,56.0,56.0,0.8245692274023271,0.18400689913728094,0.535001916156393,14.868383024881044,0.23377508458957294,-0.9719425293208442,-0.0260178692928174,11.8617248367321,0.5152036481298126,0.1465236525864778,-0.8444501288924349,10.51249812833691,70.11428846343887,56.048313555753936,51.66963104409052,20.876925065456692,6.03621956082677,81087.0,203050.6766414805, 0.0, 0.0,0.0,NaN, 210.5874394130834,210.5874394130834,0.0, 187.3311609005992, 9.91512459113466, 48.58782417236296, 9.91512459113466, 142.77355977283284, 11.646986850219545, 48.58782417236296, 11.646986850219545, 142.1772261017728, 6.453884171224431, 4.322044807935377, 15.0, 0.0
88, 0 ,1.0,1.0,1.0,222.17181560501857,235.72994440904398,167.79288523653622,14.099733580615341,13.033404938867179,11.871141082512585,65.0,64.0,58.0,0.9136466980884302,0.39101534833341944,0.1111607324544161,14.359645376185318,0.38972357030476457,-0.9203029024660551,0.03403096327554907,12.779540054868205,-0.11560817367736259,-0.01222968030035379,0.9932196056757717,11.835542345070465,67.46774202442026,63.118300187917455,58.51050225977728,21.684702863705834,6.274534537206104,91022.0,249164.00119443718, 0.0, 0.0,0.0,NaN, 166.3327614331088,166.3327614331088,1.9073486328125E-6, 198.8024870443319, 15.287011924446547, 7.023368721691169, 15.287011924446547, 169.86964430048738, 2.14617248576493, 7.023368721691169, 2.14617248576493, 140.92399060091805, 6.127582166635085, 4.333883628735417, 21.0, 0.0
89, 0 ,1.0,1.0,1.0,12.170706582971189,244.75300177048126,286.0326412361178,7.986105233866602,13.416736310182376,7.506205173354621,31.0,56.0,31.0,-0.22811945939258693,-0.973591263129282,-0.009031312460717271,13.665211693276953,-0.7037062124655284,0.17127978452610115,-0.6895366574375233,8.007026214604895,0.6728737465408009,-0.15094133884069513,-0.7241944721172098,7.0199235540289315,60.854267723467956,44.523593094481186,34.943092065753945,16.345048710418922,5.741880247958289,31065.0,94676.58365670961, 0.0, 0.0,0.0,NaN, 58.2704386712527,58.2704386712527,0.0, 63.777876806391525, 28.74105364915954, 7.480698648796799, 28.74105364915954, 180.0088132169662, -0.5432011522700394, 7.480698648796799, -0.5432011522700394, 56.34311610449568, 6.1116865815247925, 4.502311856363148, 8.0, 0.0
90, 0 ,1.0,1.0,1.0,124.28615593424823,100.34202985974966,9.59583773186548,12.184851068167612,12.494428112879378,6.37999569075356,53.0,55.0,24.0,-0.11325694600466736,-0.9932889820252365,0.023449144312023034,12.504349868719162,0.9842307682769131,-0.10893399038304637,0.13936707113326333,12.266326214097132,-0.13587736735282122,0.0388636581718273,0.9899631089665767,6.201947275282711,56.17358174238477,53.959379455961496,28.069490202304888,17.67958104766577,5.719972763430264,39786.0,85081.19632322555, 0.0, -1.4210854715202004E-14,0.0,6.641635088670067, 160.0239095106211,160.0239095106211,0.0, 148.4705955534254, 1.254712462844965, 15.049675449221278, 1.254712462844965, 156.11073386791054, -4.446316791213695, 15.049675449221278, -4.446316791213695, 40.704345014034, 6.316264110492292, 4.3187525938265034, 11.0, 0.0
91, 0 ,1.0,1.0,1.0,167.59626667386,216.36410719825201,92.56270989843951,11.716453135944352,12.224907806560985,12.287933071494296,57.0,60.0,60.0,-0.4760693256640354,-0.612486785834471,0.6310451127613217,12.922959147989502,-0.07158845755561677,-0.6882064215523973,-0.7219743860268539,11.926528613422457,-0.8764890700440012,0.38888540537310357,-0.2837869827550215,11.33454834688304,61.87685097292699,57.76407204948447,54.77905313052982,20.118671473983394,5.740731857277342,74143.0,195794.51696902033, -2.8421709430404007E-14, -2.8421709430404007E-14,0.0,40.181380323938704, 181.91637207021185,181.91637207021185,0.0, 137.27527408678023, 11.913493989621344, -10.863788110814355, 11.913493989621344, 149.4483708789157, -8.050536347575337, -10.863788110814355, -8.050536347575337, 150.99329916952323, 5.305110246576956, 4.022102745135488, 22.0, 0.0
92, 0 ,1.0,1.0,1.0,80.32733653444147,119.05517477290292,112.23430591275924,12.08130929609584,12.989373776922134,12.023804556960682,54.0,61.0,58.0,0.42382755799717836,-0.8718374282082607,0.2454988795439887,13.345301395302366,0.24043780078903143,-0.15302509714567963,-0.9585264647339111,11.937662818079597,-0.8732467377745438,-0.4652771415175702,-0.14476642064842504,11.774925840908443,65.0418772342846,60.02637469068236,58.19124693852507,20.593558558428658,5.929509874272028,78931.0,227191.90109030672, 0.0, 0.0,-1.4210854715202004E-14,75.78868213344504, 182.27220045482167,182.27220045482167,0.0, 145.95803430793177, -14.718431929247666, 3.2152036352262137, -14.718431929247666, 168.7238311165924, -7.877277650733775, 3.2152036352262137, -7.877277650733775, 144.57187602398847, 6.202527181854001, 4.236054172590672, 17.0, 0.0
93, 0 ,1.0,1.0,1.0,144.895591141595,138.4584544292025,216.7893949081609,13.088391318438871,11.016865558949206,11.028158182919633,61.0,52.0,56.0,-0.9395008010574052,-0.33593342163218903,0.06698493146211304,13.3770043346306,-0.014342337328379369,-0.1568010935610344,-0.9875260575893796,11.023548863053662,-0.3422463179823169,0.9287422426532312,-0.14249668255434336,10.669335145696143,65.04087846333948,55.98410371446067,51.511282079773565,19.578095759009408,5.567382994471822,68816.0,187565.72813952604, -2.8421709430404007E-14, 0.0,0.0,20.03210923992801, 217.00110768137984,217.00110768137984,0.0, 171.30598730458604, 20.566481560593814, -3.9886682978502916, 20.566481560593814, 121.37132674396119, -0.2753083579046694, -3.9886682978502916, -0.2753083579046694, 121.62027290749724, 5.462319907701776, 4.10738175713114, 14.0, 0.0
94, 0 ,1.0,1.0,1.0,54.77792221731923,99.32739806079977,270.42710109840306,12.081345066287428,12.591221259276983,14.312096493573831,64.0,69.0,61.0,0.5326683941278502,0.06778519765131102,0.8436050905943077,15.701989047413234,0.2596640940352517,-0.9618014916736578,-0.08667438423882019,12.748892952985178,0.8055053942501622,0.26522265663720956,-0.5299226379767066,10.012348669537248,76.57844265617416,69.56694643814423,51.985890921474606,21.561259190444854,6.666780300462367,83849.0,276945.9140710972, -7.105427357601002E-15, 0.0,0.0,57.81407460775692, 117.2224770145185,117.2224770145185,0.0, 145.95889861070756, -10.273271246047608, 64.34217521441339, -10.273271246047608, 158.53885280006867, 13.558792837679821, 64.34217521441339, 13.558792837679821, 204.83610604136837, 5.520226750937592, 4.1124532250325245, 22.0, 0.0
95, 0 ,1.0,1.0,1.0,82.58573214037733,144.81312119348505,287.3567163290813,13.716062263203781,12.924609142559826,7.76488691723283,67.0,77.0,34.0,0.9222673142121294,0.37250101415465203,-0.103276307010377,13.920373252820491,-0.37358913256808157,0.9275473896261348,0.009327380381006707,12.761164582462053,-0.09926812762903366,-0.029980567898215675,-0.9946089705937334,7.67106520210286,61.46001325194487,71.4304763815934,36.81340167692673,19.271414846972306,6.639421972530178,50407.0,161615.17826364245, 0.0, 0.0,0.0,NaN, 167.18581233150277,167.18581233150277,0.0, 188.13036400808284, 10.316158405823693, -13.214415648940061, 10.316158405823693, 167.04552148794102, -4.291105048506315, -13.214415648940061, -4.291105048506315, 60.29346883741356, 6.05600182024148, 4.341873689443726, 11.0, 0.0
96, 0 ,1.0,1.0,1.0,183.31818929702604,149.22913495948336,286.7191394841841,13.184746040154739,13.138970942624539,7.179438223070232,68.0,61.0,30.0,0.7001836973828551,0.7047119760314549,0.11455924562040509,14.405349833469927,0.7134817848134071,-0.6965344789981422,-0.07604907827358494,11.898447825945585,-0.02620176823708022,-0.13498425984028095,0.9905012452978653,6.994801947302628,65.85893961927647,56.840425312078445,32.435790178072295,18.886698990963282,6.427053757212835,48622.0,121421.76323647816, 0.0, 0.0,0.0,NaN, 189.89565799596605,189.89565799596605,0.0, 173.83752814337606, 32.20947416893243, 7.693722862905234, 32.20947416893243, 172.63255743113197, 17.71044109676204, 7.693722862905234, 17.71044109676204, 51.544333198881844, 5.999081626851352, 4.262707974155902, 14.0, 0.0
97, 0 ,1.0,1.0,1.0,89.89417896304319,82.47839447678354,26.878001895221335,11.261043372325624,11.061734672993005,13.551651288592053,56.0,52.0,59.0,0.12479168474783643,0.05131834265761987,0.9908549152750223,13.59126411146435,-0.9853037749715433,-0.11098583438693108,0.12984073163789395,11.222631138343228,-0.1166340706852995,0.9924961321195729,-0.03671404748954654,11.05216787068507,63.14193739908342,56.97378319496711,52.78688591169369,20.017122469203088,5.668785805589844,73870.0,189897.39365861114, 0.0, 0.0,0.0,NaN, 124.92428087760631,124.92428087760631,NaN, 126.81109783339886, 0.8159416491812129, 7.251297425408952, 0.8159416491812129, 122.36197397569566, 3.127010843708853, 7.251297425408952, 3.127010843708853, 183.64725264759863, 5.447693471295659, 4.05875498101289, 12.0, 0.0
98, 0 ,1.0,1.0,1.0,208.31534118495708,90.72524865787175,99.02441494305492,12.122512661214511,11.352038907918612,12.354699663131205,58.0,54.0,60.0,0.546685666243602,-0.21049413837830308,0.8104486412056995,12.594820840562988,0.8268638316615525,-0.01690121642866503,-0.5621481590943862,11.930993832992813,-0.13202646027885703,-0.9774490097143723,-0.16481033703814868,11.290906894735517,60.35354982651785,62.60775680568143,53.664254225581146,19.908897703165696,5.66555351217927,72087.0,202775.7708670923, 2.8421709430404007E-14, 0.0,0.0,56.86006840109755, 162.61298275622954,162.61298275622954,0.0, 146.95531322130614, -3.7917010347321836, 6.889994028250308, -3.7917010347321836, 128.86878736689798, -5.171937209730517, 6.889994028250308, -5.171937209730517, 152.6386037661743, 5.957082799187045, 4.206626937102408, 17.0, 0.0
99, 0 ,1.0,1.0,1.0,185.10877615726062,247.00035510462905,124.69812301838935,12.402388966847228,11.313358745906811,13.032434745135529,65.0,54.0,62.0,-0.05370306699193361,-0.11428750386458864,0.991995134592938,13.060058659159077,-0.9564468873538594,0.2913376281360034,-0.01821367901336651,12.505464951889586,-0.2869239137241335,-0.9497687891758131,-0.12495565149578675,11.167090388331289,62.70580992822686,61.65922713778234,57.396643815503126,20.457703133073853,5.756568083836002,78850.0,221917.91168846708, 0.0, 2.8421709430404007E-14,0.0,83.4374689197884, 177.64734042317446,177.64734042317446,NaN, 153.81925208497384, -8.546887073334243, -1.8912466852089214, -8.546887073334243, 127.99208611358614, -5.3675275516109355, -1.8912466852089214, -5.3675275516109355, 169.84435538621577, 5.969064833434533, 4.2121101161908365, 21.0, 0.0
100, 0 ,1.0,1.0,1.0,120.37278904828509,206.91281207065143,227.506058843188,12.74776474727914,12.173040480313606,12.258125784975489,58.0,65.0,58.0,-0.21221575314136637,0.6540514910716918,-0.7260723938737371,13.171869521184508,0.9617773942742438,0.2713678183880936,-0.03665720947279701,12.775332725999156,-0.1730569790031265,0.7060992523506757,0.6866404647616744,11.146425229844452,58.837721343397504,61.66509910142011,53.29796588095195,20.663558956917093,5.828155761606423,80791.0,193377.48754528473, 0.0, 0.0,2.8421709430404007E-14,43.44186838672868, 168.55326874405054,168.55326874405054,NaN, 162.5055060519728, 3.333390180293875, 6.215661642520463, 3.333390180293875, 148.18291453535372, -23.77843226978974, 6.215661642520463, -23.77843226978974, 150.26164776028094, 6.361607411861496, 4.253745139721225, 24.0, 0.0
101, 0 ,1.0,1.0,1.0,81.23638045102085,25.914419861990467,93.36699153446682,11.766216939539628,12.226442512011952,12.23364920507023,63.0,49.0,58.0,-0.401640121978089,-0.7131198163458699,0.5745827529192458,12.909094104452526,-0.521501932726018,-0.3376518371523644,-0.7835987308761169,11.935493601528192,-0.7528087051704795,0.6143707060093824,0.23627883742959244,11.335396434656646,75.35397775178902,60.95361760648461,56.861033208931616,20.029650281194424,6.033658927519261,70285.0,261168.2720386814, 0.0, 0.0,0.0,NaN, 126.44485665207473,126.44485665207473,1.3486991523486091E-6, 138.4438610683093, 13.386836855842478, -3.0982029928666273, 13.386836855842478, 149.4858964995331, -11.938401450098603, -3.0982029928666273, -11.938401450098603, 149.66217287271547, 5.0903073768616744, 3.9547486026340137, 18.0, 0.0
102, 0 ,1.0,1.0,1.0,10.092627043963576,207.9074463918535,86.37156075589934,6.471732589342571,11.81147092296042,13.253169673549811,23.0,52.0,57.0,-0.02325378331822635,0.5497693589565745,0.8349927625517876,14.255761105812558,0.04195640627093247,-0.8339460842037933,0.5502486607107625,10.589713751200676,-0.9988487981342409,-0.04782865870622337,0.0036739450385337904,6.455378565927155,65.88422801618134,54.04736441758024,24.864692408310553,17.91383103756671,6.011267089834939,40852.0,88539.90943143277, 0.0, -2.8421709430404007E-14,0.0,56.64880853018121, 126.66075184573906,126.66075184573906,1.3486991523486091E-6, 41.88332270795869, -4.531057895495317, -1.5099624473788336, -4.531057895495317, 139.51084536393944, 41.82512168848628, -1.5099624473788336, 41.82512168848628, 175.6465063959004, 6.3095706867280805, 4.4570725176608414, 7.0, 0.0
103, 0 ,1.0,1.0,1.0,31.76266751578248,192.6259137224499,160.92068612249417,13.477721250765512,12.202638034285707,10.533425305172331,63.0,57.0,47.0,0.9290097099385461,0.35931269944794386,0.08851747203423146,13.699251453322521,0.3682656697386921,-0.9211748489126513,-0.12576682480951556,12.001477716424478,-0.036350451603959166,-0.1494365475584421,0.9881029110988399,10.478618039111113,69.10269870267685,58.132520554740296,46.78959335628737,20.141033998631766,5.987081361970877,72232.0,187959.13299266127, -3.552713678800501E-15, 0.0,0.0,21.719030632096093, 178.55284091913717,178.55284091913717,0.0, 181.6489701133363, 14.379292265810072, 4.817799897527575, 14.379292265810072, 148.90437499579613, 6.4427519619548494, 4.817799897527575, 6.4427519619548494, 110.95304865964484, 5.763915423743253, 4.095257547198759, 15.0, 0.0
104, 0 ,1.0,1.0,1.0,26.540631461991914,234.84014382272153,171.8516403814697,11.762940591331885,11.259637498130026,11.72823737685907,56.0,53.0,56.0,0.454415398592632,0.474822948715912,-0.7536907939563979,12.421007117831582,-0.8603561712161919,0.4532153981457357,-0.23320176142948926,11.65245302097855,-0.23085472525403006,-0.7544129971417044,-0.614464909959517,10.613042951251936,69.39136673722804,61.586787005755795,53.83639548737335,19.2684862067368,5.605639946808839,64802.0,230074.75263172202, 0.0, -2.8421709430404007E-14,0.0,61.652177135880756, 146.19238710810168,146.19238710810168,0.0, 138.36677135520333, -0.038511136773956615, -9.619523612302315, -0.038511136773956615, 126.7794365892958, -17.349385162315052, -9.619523612302315, -17.349385162315052, 137.5515519679541, 5.486444044891675, 4.046657313302316, 15.0, 0.0
105, 0 ,1.0,1.0,1.0,31.188123041868412,242.16135004272286,258.17093895376433,13.377125881063627,13.485152355649914,11.647446460851388,65.0,63.0,52.0,-0.7413946218908603,0.5146240443554876,-0.43069259060553816,14.768530016398854,-0.4059723056153724,-0.8549903996029368,-0.32276601998994375,13.004816373664333,0.5343411847356024,0.0644477273300739,-0.8428083938460398,10.451081867123166,79.67395284343989,68.16084470462852,50.895109950500085,21.33535668196198,6.423581182246496,84264.0,276393.21975475084, 0.0, -2.8421709430404007E-14,0.0,59.0276711008851, 77.89530663502691,77.89530663502691,0.0, 178.9474968378223, -20.752204035854433, 42.617170745573176, -20.752204035854433, 181.84933405509042, -7.603497175726134, 42.617170745573176, -7.603497175726134, 135.66300905839952, 6.006925289584474, 4.194595785560866, 16.0, 0.0
106, 0 ,1.0,1.0,1.0,65.39176893625074,177.55094553871686,270.15872530608084,11.908748432962925,12.033305110291613,11.560189403136814,56.0,64.0,54.0,0.6773677170611089,-0.6618911458963249,0.3210499756540575,12.577490240025993,-0.3445839822633529,-0.6710579927219238,-0.6564625271647662,11.685460461219092,-0.6499498865689189,-0.3340378442453365,0.6826301074234694,11.203278681917181,62.835048638316984,53.659209933140744,61.52333211268885,19.6843948807841,5.725495465955692,68691.0,207436.930957537, 0.0, 0.0,0.0,NaN, 141.98716864010012,141.98716864010012,0.0, 141.81828923959694, -12.099743713039718, 9.603376618305953, -12.099743713039718, 144.80043187737024, -2.0826012026120946, 9.603376618305953, -2.0826012026120946, 133.63797903639667, 5.6176430199024825, 3.9752702561307536, 13.0, 0.0
107, 0 ,1.0,1.0,1.0,284.1581916001388,282.52562044429015,69.90775772301285,9.743640476693635,10.863397314455563,11.35766941322537,39.0,42.0,55.0,-0.1771100464300302,0.5851983291898836,0.7913121678370184,11.959326274843516,0.1079742186501547,-0.7876163355873875,0.6066317466328189,10.2806508587706,-0.9782502745005703,-0.19288188984263102,-0.07630843341527878,9.655636614060972,60.87923195574717,52.66692122864919,43.7200058353053,17.650082816312274,5.515719538576264,46096.0,140180.4040404373, 0.0, 0.0,0.0,NaN, 73.77947833980927,73.77947833980927,0.0, 94.93852973906256, -6.220557624951482, -6.162451607866393, -6.220557624951482, 118.01340121172034, 17.104888452992117, -6.162451607866393, 17.104888452992117, 128.9966545001151, 6.566927885149852, 4.602539668575234, 7.0, 0.0
108, 0 ,1.0,1.0,1.0,116.12949976624591,287.77913577773325,92.057859703021,13.662304216701909,7.4971083958036875,11.061780069606264,69.0,33.0,53.0,0.9392360447786736,-0.04974883607944164,0.33964791401870004,14.004303980858317,0.3420933838383353,0.21757293182797588,-0.9141302620905928,10.782260064090291,0.028421275878303252,-0.97477539599875,-0.22137108761744276,7.269835420318591,64.07516097552904,49.829111378131,36.215109316238284,18.13614085080692,6.025658815113696,44919.0,115627.90279892026, 0.0, 0.0,0.0,NaN, 148.69451829640084,148.69451829640084,0.0, 186.65855650971076, -1.9750491511181247, 25.87611990711128, -1.9750491511181247, 56.20663429843014, -15.03178997498511, 25.87611990711128, -15.03178997498511, 122.36297830833838, 6.4221945506450675, 4.539679718742768, 6.0, 0.0
109, 0 ,1.0,1.0,1.0,92.08286894563199,221.8873132052455,110.52786326208101,11.240022705471924,12.676972557259935,11.816361099173127,58.0,62.0,55.0,-0.21957327536098312,-0.9718327255202023,-0.08560800403715292,12.736452546608033,0.46889318065751734,-0.18207464437587573,0.8642846805354563,12.105757319124526,-0.8555271836009228,0.1496328088467686,0.49566446376202866,10.858340090527768,62.802074718147,59.879992080795034,53.800004643485806,19.873416553892262,5.631824547920162,72138.0,202319.63770100733, -1.4210854715202004E-14, 0.0,-1.4210854715202004E-14,77.83878732190934, 163.6986717992395,163.6986717992395,0.0, 126.3381104195244, 7.010433359103963, 12.441895165090449, 7.010433359103963, 160.7056332175215, -0.8210790366041046, 12.441895165090449, -0.8210790366041046, 139.62638962605197, 5.719771072365158, 4.070344241923305, 18.0, 0.0
110, 0 ,1.0,1.0,1.0,12.434268751382845,150.72641787742458,113.7663360129803,8.3678261995161,10.894693511777701,14.992908184329021,36.0,53.0,72.0,-0.09776072729963453,-0.002321123922426813,0.9952072410214786,15.043052920501152,-0.10139885607500364,-0.9947700524047123,-0.012280668768697085,10.91916370905409,0.9900308642585479,-0.10211344290769199,0.09701408450843782,8.245033691288182,72.97018568552554,54.17326511188804,39.47565399312934,19.273126233452423,6.484501756800342,54236.0,156048.57139522623, 0.0, 0.0,0.0,NaN, 188.09570055933023,188.09570055933023,0.0, 70.02051530530805, 5.205189905837782, -15.338788113314731, 5.205189905837782, 118.69434671557113, 0.26036016226545367, -15.338788113314731, 0.26036016226545367, 224.78729582372014, 6.15432645091958, 4.403315727489943, 10.0, 0.0
111, 0 ,1.0,1.0,1.0,103.77271221257703,49.57468689947651,188.83667086342854,11.905706004160079,13.771650253284678,10.71878049998638,56.0,66.0,54.0,0.026744930228386962,0.9583002991138951,0.2845087791708675,14.036757331860585,0.9851517265972429,0.023017203223252316,-0.17013607477031684,11.947764512542372,-0.16959004773143388,0.2848345924813178,-0.9434556007764494,10.320698054030496,65.66940016819609,57.274195297551046,52.846369718065176,20.29792515839369,5.855824094639477,75455.0,198763.7602800425, 0.0, -7.105427357601002E-15,0.0,16.60446681383984, 159.9490891685888,159.9490891685888,0.0, 141.74583545749337, 3.1414204535952766, -5.38415074802459, 3.1414204535952766, 189.65835069879594, 24.536219486437396, -5.38415074802459, 24.536219486437396, 114.89225540688825, 6.002105513593642, 4.278860726245113, 20.0, 0.0
112, 0 ,1.0,1.0,1.0,180.7700691467094,137.18263970089356,172.9593348057685,11.949955351433367,10.922192473644998,12.442806923819138,54.0,54.0,63.0,0.48570533995758386,0.16919660921113283,0.8575912955296034,12.74355694999314,-0.8739004133251352,0.11610925101085978,0.4720346485374305,11.694471251849581,0.01970762103467347,0.97871913706699,-0.20425586995727033,10.851740131333091,57.69718329692023,57.500134724853126,54.73887610356279,19.643862737318102,5.571159864286249,69273.0,181601.46615951357, 0.0, 0.0,0.0,NaN, 221.75252796660166,221.75252796660166,0.0, 142.80143290125096, 1.740405138449755, 10.75547882705063, 1.740405138449755, 119.29428843134743, 7.5184053821462165, 10.75547882705063, 7.5184053821462165, 154.8234441434415, 5.131890003573337, 3.934137324727259, 18.0, 0.0
113, 0 ,1.0,1.0,1.0,106.39481099328914,65.86058287845582,230.66184337693804,13.531924501367548,11.013044655228287,11.593265963714877,65.0,53.0,55.0,-0.9205639208166966,0.328952241994213,-0.21060030906333368,14.084274365114283,0.006532328197545165,-0.5261409414167096,-0.8503722940297727,11.919179942569421,-0.39053731752408827,-0.7841977634832424,0.48219754392672953,9.918180987410397,62.868097446374406,58.9168965105423,49.2350069849156,20.130266499492507,5.794507714519029,73463.0,182366.13063405332, 0.0, 0.0,0.0,NaN, 143.05681440348076,143.05681440348076,0.0, 183.11298071071135, -30.43126942551687, 19.143689948617585, -30.43126942551687, 121.28715257805231, 12.62301566593525, 19.143689948617585, 12.62301566593525, 134.40381570542985, 6.876730938650938, 4.399246864506928, 18.0, 0.0
114, 0 ,1.0,1.0,1.0,64.40287565135313,210.91601908480845,244.10907821409637,12.268779888865023,11.750764697027593,12.558090271302175,59.0,53.0,60.0,0.2064689403190071,0.5973164092489818,0.7749733440096169,13.253643373743078,-0.8968971648034827,-0.2010372472872408,0.3939029080505031,12.49056282931027,-0.39108317843013984,0.7764001110542625,-0.49422344653396183,10.706812771184152,66.42975427381305,64.64658265189931,52.55411680947097,20.328836606062413,5.748692410672298,77339.0,225691.3738005041, 0.0, 0.0,2.8421709430404007E-14,39.19738408727464, 123.31861654243394,123.31861654243394,0.0, 150.52295996141882, 14.986742488984019, -4.854364020674054, 14.986742488984019, 138.08047096490998, 24.97119775275678, -4.854364020674054, 24.97119775275678, 157.70563126217436, 5.8561877030545215, 4.126351502148268, 18.0, 0.0
115, 0 ,1.0,1.0,1.0,174.9023903300285,12.318131196523156,26.347141110960205,16.149961654222828,8.256681180796152,14.431216764083366,81.0,35.0,64.0,0.9657106639768289,-0.08200008871650502,0.24633087287613503,16.310847759465727,0.24409762037290467,-0.036385868645147514,-0.9690678099551261,14.302476686576458,0.08842660917234543,0.9959678980837804,-0.015122194842613134,8.163912594069755,74.03427772977557,68.52760038976308,39.13821118265679,21.928140055028898,7.510708127276425,73630.0,198563.4640024144, 0.0, 0.0,0.0,NaN, 128.4341081879582,128.4341081879582,0.0, 260.82126143286774, -17.01459447359198, 14.810239075980741, -17.01459447359198, 68.17278412131334, 0.8352107377004401, 14.810239075980741, 0.8352107377004401, 208.26001729196076, 5.604515243769421, 4.067867160736346, 14.0, 0.0
116, 0 ,1.0,1.0,1.0,257.7093621870865,184.0472890658772,37.93422759009157,11.658449571084502,12.921050771995128,12.10700551780798,60.0,56.0,61.0,-0.48409430149877614,0.8739745990578076,-0.04267443565130031,13.454956921583676,0.1624184193519404,0.04182716168937706,-0.9858350498943664,12.132667651043297,0.8598098419485729,0.4841682442568452,0.16219786355441013,11.009772566673865,60.509848049230726,59.36567310848602,56.0714949441691,20.37812844727867,5.846748074649811,76339.0,201420.464811881, 0.0, 0.0,0.0,NaN, 129.12217022050137,129.12217022050137,0.0, 135.9194464015204, -25.132799715681156, -2.9251010945733085, -25.132799715681156, 166.95355305247588, -3.3026442788119215, -2.9251010945733085, -3.3026442788119215, 146.5795826082329, 6.029131010987357, 4.177376037537589, 21.0, 0.0
117, 0 ,1.0,1.0,1.0,107.64786315399294,173.89551214288656,69.81476091761508,12.085994964458978,13.620832426839529,10.202507120134584,61.0,63.0,46.0,-0.16527027158718793,0.9633717691447429,-0.2111884744592529,13.776055115562919,-0.9454066028061899,-0.2157352434003254,-0.24426350551292306,12.209918496061258,0.28087736238429145,-0.15928948229538478,-0.9464326537742195,9.840106584274476,65.25584461154817,62.399940717372615,49.94092901709326,20.061654022274258,5.763639449858123,72841.0,203357.5070322399, -1.4210854715202004E-14, 0.0,0.0,80.48706455061172, 179.90137615179438,179.90137615179438,0.0, 146.07127428092778, -4.141831022843689, 15.311344126753152, -4.141831022843689, 185.5270760000432, -16.157752565945298, 15.311344126753152, -16.157752565945298, 104.09115153639688, 5.867217124149579, 4.085985561597716, 12.0, 0.0
118, 0 ,1.0,1.0,1.0,24.566947850537726,125.51562454706206,242.93551613183755,11.942371884284215,11.935446165070344,11.57272260046321,53.0,63.0,55.0,-0.6967190925730203,-0.7162214975087483,0.04011573943669164,12.23142598511421,0.5536464588442308,-0.5013274003894083,0.6649409268709822,11.901849559754169,-0.45613386703189457,0.4854869762672561,0.7458178673251309,11.302266374349829,61.33645720100023,50.71928090635217,63.60038136026901,19.67130733955877,5.6606269371590745,68994.0,197857.03415325703, 0.0, 1.4210854715202004E-14,-2.8421709430404007E-14,72.87439901413481, 140.05021332104374,140.05021332104374,0.0, 142.62024622254214, 7.049914923284991, 4.510730657550452, 7.049914923284991, 142.45487515929236, -5.266138887296415, 4.510730657550452, -5.266138887296415, 133.92790838727197, 5.3452949883597665, 3.791699666543468, 16.0, 0.0
119, 0 ,1.0,1.0,1.0,218.93345603851054,37.406003114823726,53.813096417952714,11.378675831362232,13.806159663891385,10.965069896448743,58.0,71.0,55.0,0.4028307026622678,0.9024810029779059,0.1524974237704265,14.330039350680643,-0.5846221999822883,0.3819039573834051,-0.7157976324512142,11.497507095079428,-0.7042331348924821,0.19919188386801226,0.6814530689054229,10.137769428263669,70.31529971907621,54.9562527707093,52.69439302964764,20.07348912047326,6.113272503684091,70630.0,203625.11896856574, 2.8421709430404007E-14, 7.105427357601002E-15,0.0,56.80550269248139, 104.24415074705237,104.24415074705237,0.0, 129.47426367522698, 30.722868676761504, 18.611999903219328, 30.722868676761504, 190.6100446648615, 6.0751188888402075, 18.611999903219328, 6.0751188888402075, 120.23275783400643, 5.420611671756351, 4.0784141183200004, 19.0, 0.0
120, 0 ,1.0,1.0,1.0,188.25271658452587,84.99741701799181,136.87929754765156,10.923139278115315,12.042311762580091,11.699109034172777,52.0,57.0,57.0,-0.048525615202873726,0.9732221422285636,-0.2246862847287943,12.067104695649679,-0.18059947951324357,0.21269439243394297,0.9602837723437285,11.701750749548353,0.9823589428863204,0.08717658689810062,0.16544228609418365,10.892906413323194,59.43089619620132,56.45718905042084,48.78429480017414,19.302421620916878,5.3495715751899136,67364.0,163686.00981081, 2.8421709430404007E-14, 0.0,0.0,87.21859474257107, 196.08150944851283,196.08150944851283,0.0, 119.31497168910558, -1.9752097160841318, -2.8755293844073955, -1.9752097160841318, 145.01727258717483, -2.1625200734326326, -2.8755293844073955, -2.1625200734326326, 136.8691521934631, 5.620418674602364, 3.9937225449302463, 15.0, 0.0
121, 0 ,1.0,1.0,1.0,282.5911554473333,199.30611892231562,152.5923022543398,10.342196921424895,11.831398077480648,13.083068695203607,43.0,62.0,64.0,-0.22964035616847006,0.00888881850343759,0.973234964294045,13.229261275809137,0.2990046906764093,0.9522448130463208,0.06185475713219155,12.008310857549294,-0.9262081309146033,0.3052061679127577,-0.2213316364546341,9.944688057329932,67.512751738474,67.17415981426709,50.300534858262125,19.5417431306645,6.019134450063584,63655.0,228118.57809381717, 0.0, -2.8421709430404007E-14,0.0,89.49070150803989, 179.36375026694125,179.36375026694125,0.0, 106.96103716153057, 12.743472546591228, -16.17372294133697, 12.743472546591228, 139.98198046781275, 3.326846253584811, -16.17372294133697, 3.326846253584811, 171.16668648341664, 6.355204986948667, 4.244982804539555, 13.0, 0.0
122, 0 ,1.0,1.0,1.0,31.459265029325515,44.7085318914956,8.893122250733137,13.537710355123842,13.557569379161086,5.994687009732615,60.0,56.0,24.0,-0.7095640031503481,0.7042533101383318,0.02337093477923866,14.219472730461423,-0.6961128411101252,-0.7057351714866797,0.1317754915310733,12.93441291438107,0.10929701677009408,0.07723433747931786,0.9910040460256903,5.789742593812504,69.33759413700867,62.30420856651149,26.82545987378619,18.97154176600193,6.564614573262796,43648.0,115886.62849713485, 0.0, 0.0,0.0,NaN, 55.38615172987474,55.38615172987474,6.743495761743046E-7, 183.2696016592273, -18.566445892066504, -15.068652140721147, -18.566445892066504, 183.8076874707663, -9.664972019936252, -15.068652140721147, -9.664972019936252, 35.936272344656956, 6.22967447620568, 4.2340594685806305, 8.0, 0.0
123, 0 ,1.0,1.0,1.0,287.1101821395969,21.83874052714706,185.14618984828945,8.10225659182715,13.897163529964951,16.83928283087729,36.0,59.0,83.0,0.1562344730928681,0.33542655668608024,0.9290208902318148,17.399058244576608,-0.020357264283857625,-0.9392777970914868,0.3425533559634768,13.414477586892124,-0.9875101879010013,0.07243096686282105,0.13991920465413551,7.724229773205402,85.25471883962376,70.14718433482722,42.61552520414395,21.885956523102458,7.9588987545703365,69013.0,254856.96975343308, 0.0, 0.0,0.0,NaN, 117.62004803030644,117.62004803030644,0.0, 65.6465618798065, 15.037764146343116, 34.440675994285314, 15.037764146343116, 193.13115417858788, 37.04116538654461, 34.440675994285314, 37.04116538654461, 283.5614462582787, 7.0529005272989265, 4.498570044996874, 11.0, 0.0
124, 0 ,1.0,1.0,1.0,76.02936087753902,62.88331776186027,89.59919028340082,11.836736398530428,9.573292570348695,13.022380261008442,60.0,43.0,57.0,-0.056178641506348506,0.2923250305430358,0.9546675006286297,13.317715327947413,0.9821429814009753,-0.15577546637416143,0.10549487267500658,11.913306228202801,-0.17955256701953487,-0.9435465439467869,0.2783537229547502,9.058158754675798,62.11914307346093,59.175048167277595,47.24104294654536,19.16157382498908,5.845745069500302,57798.0,173653.50488232306, 0.0, 0.0,0.0,NaN, 133.27711831978968,133.27711831978968,0.0, 140.1083285682951, -10.725993810198837, 1.0921515292753943, -10.725993810198837, 91.64793063749353, 25.614847213939207, 1.0921515292753943, 25.614847213939207, 169.5823876623023, 5.919241296241715, 4.1168314710434055, 12.0, 0.0
125, 0 ,1.0,1.0,1.0,136.18322609134495,129.2856737320212,278.26326331062324,11.802668291214744,11.403167311555771,11.05177463501688,57.0,54.0,48.0,-0.6994803764363314,0.4621319860344211,0.5451249677499367,12.072985635029305,-0.6694117009105558,-0.6907711136877919,-0.2733555252387711,11.681315759992438,-0.25023024929956966,0.5561198575652633,-0.7925373974501557,10.453076393230408,60.04638585514644,55.58847820624686,56.031792888721924,19.03942153397249,5.383061746133076,63408.0,187027.80491915176, 0.0, 0.0,0.0,NaN, 189.03211955350952,189.03211955350952,0.0, 139.30297879244594, 0.7757072069987511, -8.939102213329956, 0.7757072069987511, 130.03222473533407, 14.326082645586677, -8.939102213329956, 14.326082645586677, 122.14172258320251, 5.593016063263383, 4.060745568401914, 13.0, 0.0
126, 0 ,1.0,1.0,1.0,226.7147203663624,152.9537498823751,43.043270286377464,10.76670080828062,12.041902344311545,12.2305747215788,49.0,57.0,58.0,0.10811839793894323,0.640641190755485,0.7601902898186154,12.545124522010893,-0.25093704579822557,-0.7223248664928894,0.6444201938891178,11.803852761774067,-0.9619464699624273,0.26043358453437493,-0.0826640004681666,10.667948588678538,62.29389912496133,59.15251408086121,49.15789800150921,19.40205571880572,5.837503770402447,63762.0,181139.02550144758, 0.0, 0.0,0.0,NaN, 169.84126413089874,169.84126413089874,0.0, 115.92184629503055, 7.6449877726608815, -0.5462958108401481, 7.6449877726608815, 145.0074120699359, 9.339663186137924, -0.5462958108401481, 9.339663186137924, 149.58695802012232, 4.936814023578677, 3.7273764357850254, 18.0, 0.0
127, 0 ,1.0,1.0,1.0,48.627720889937066,278.09931774700084,53.429193690062206,12.722177155553641,12.675640399850415,12.739015046897299,57.0,53.0,58.0,-0.5377620903625895,0.5424944666147088,0.645377167136614,13.949177130841676,0.7476439099544347,0.6606454584748299,0.06764733627147707,12.292051034502043,-0.38966718886365453,0.5188904815941455,-0.7608627668864425,11.795511613587921,71.76179647239817,66.19231101880007,61.15730764593848,21.109971312466065,6.259174600181572,83107.0,290502.0520028207, 0.0, 0.0,-7.105427357601002E-15,49.80603994282318, 75.49154827175448,75.49154827175448,0.0, 161.85379157729096, -10.26768152171949, -18.637950791427457, -10.26768152171949, 160.67185954631998, 19.94672452720262, -18.637950791427457, 19.94672452720262, 162.28250436507577, 5.855309166386154, 4.09880463635974, 9.0, 0.0
128, 0 ,1.0,1.0,1.0,256.33668442746557,24.672392250355454,87.11930373838487,10.37524572550339,12.190514901875353,13.479244865179268,51.0,56.0,75.0,0.12187705100678337,0.10536773899430094,0.9869364842871696,13.555393541179756,0.374476301926223,-0.9257438845206579,0.05259048933279348,12.485839447071323,-0.9191917556927662,-0.36317475112104247,0.15228465587385526,9.914612388721148,74.91270616952957,64.04160402872381,51.61625551963073,20.026419249598106,6.073462901190226,69629.0,247630.52738672725, 0.0, 0.0,1.4210854715202004E-14,9.271320341657917, 100.52355519977935,100.52355519977935,0.0, 107.64572386457635, -18.869650454912215, 11.412545957302793, -18.869650454912215, 148.60865357284507, 6.081854364938444, 11.412545957302793, 6.081854364938444, 181.69004213546165, 4.945533735297656, 3.773112080284118, 18.0, 0.0
129, 0 ,1.0,1.0,1.0,149.36764578908287,15.575627277279871,160.32276502788858,12.535961719670343,9.606846127630654,12.099935427772623,62.0,39.0,62.0,-0.7699043712245203,0.2692796071460196,-0.5785635248999552,12.866147669141371,0.6315990175205788,0.19186916916431523,-0.7511783429993403,12.091849978104333,-0.09126850626812867,-0.9437556437444388,-0.31779764735457666,9.170587460798009,66.01302020013512,58.666343537365606,46.84380298654505,19.006927773443323,5.881068162194668,57909.0,181413.98767134832, 0.0, 0.0,0.0,NaN, 205.09271986861967,205.09271986861967,0.0, 157.15033623704022, -9.356561238033587, 6.806477966399877, -9.356561238033587, 92.2914925199721, -21.639918655815848, 6.806477966399877, -21.639918655815848, 146.40843735626703, 5.5227047846445085, 3.9764452358396043, 17.0, 0.0
130, 0 ,1.0,1.0,1.0,26.242101970597435,195.42182403145807,282.6103638828068,14.31760357241034,11.887837137671536,9.454557664501106,58.0,55.0,41.0,-0.9701709339095292,0.2308178741651845,-0.07410443956320639,14.46576825032612,0.23827209423664467,0.9642373918502076,-0.11607179358480084,11.764355352260537,-0.04466282688316359,0.1302665003896783,0.9904725492263936,9.383208223921711,65.36048824999234,56.09603873289649,45.1277621215321,19.972662902744574,6.065957556167466,67137.0,165459.3369018141, 0.0, 0.0,0.0,NaN, 109.21374569636802,109.21374569636802,0.0, 204.99377205669734, -15.574546491611473, 7.3218813090971855, -15.574546491611473, 141.32067181180258, -7.709139597555706, 7.3218813090971855, -7.709139597555706, 89.38866063137661, 5.733229417727801, 4.351390220815849, 12.0, 0.0
131, 0 ,1.0,1.0,1.0,75.41883754628884,272.8782965706005,165.68344872001288,10.744064017380886,12.220563977499005,11.497752564922726,55.0,56.0,55.0,-0.29416516716354657,0.7947129990163254,0.5309407722355866,13.232315467058498,0.6304605679579088,-0.2561661300254348,0.7327335027675363,10.948104385631213,-0.7183218823604316,-0.5502818941436017,0.42568005626279476,10.100507280502258,68.19242691078486,52.29785157452038,51.41107485604303,19.096362548480947,5.683691318050325,62110.0,183348.21189589126, 0.0, 0.0,0.0,NaN, 156.4113928123371,156.4113928123371,0.0, 115.4349116095787, -19.964321477823276, -3.171296651141804, -19.964321477823276, 149.3421839281463, 27.484482190864238, -3.171296651141804, 27.484482190864238, 132.1983140441871, 4.941674278884997, 3.8148314530157332, 16.0, 0.0
132, 0 ,1.0,1.0,1.0,12.577456894250787,282.5070997704585,278.74681044146695,8.525740038826669,10.220883812145912,11.65620833536231,37.0,43.0,47.0,0.36985603534013894,0.42186744111814467,0.8277888470177058,12.704619938397233,0.024605420332711285,-0.8951033130247029,0.4451793260052088,9.644161942277698,-0.9287632025509651,0.14428416800408086,0.3414395882885373,7.655368999624394,65.35079516251767,47.28460044731315,39.144392730425224,16.824567396561058,5.4731922848535435,37466.0,120959.54927795961, 0.0, 0.0,0.0,NaN, 30.263708410873363,30.263708410873363,NaN, 72.68824320965217, 15.282573439014863, 31.851218600835075, 15.282573439014863, 104.46646590138636, 22.19063546742574, 31.851218600835075, 22.19063546742574, 135.8671927573698, 7.8200612816559305, 4.796093894754066, 5.0, 0.0
133, 0 ,1.0,1.0,1.0,284.79443313213585,280.4150243618646,205.46447531088648,9.03680756166541,11.261037074833478,14.03634341726693,38.0,47.0,66.0,-0.0928705233970037,0.4392921061525733,0.8935309235588901,14.8670789322183,-0.142746772103463,-0.8940131772955433,0.4246925922075509,10.223373611739243,-0.9853925232809556,0.08810723179151207,-0.14573500186306704,8.941273927846323,76.98401730714221,52.492899407585924,39.536108638009864,19.10284154681584,6.369868779816772,55004.0,159769.93305414543, 0.0, 0.0,2.8421709430404007E-14,26.67964937071793, 97.73303414283951,97.73303414283951,0.0, 81.66389090657314, -2.620142526732612, -13.197079806192187, -2.620142526732612, 126.81095600077413, 46.04917747078509, -13.197079806192187, 46.04917747078509, 197.0189365274527, 5.986878054090395, 4.063154385899108, 9.0, 0.0
134, 0 ,1.0,1.0,1.0,142.42711613981882,287.88533768809054,9.126676775924414,15.029671302088364,7.5569326108507795,6.45158096638548,73.0,35.0,25.0,-0.9910762556091289,0.13189907024540412,0.019248138512243565,15.131533929538547,-0.1272552052293831,-0.8932660982307715,-0.43114010541076025,7.603952947513095,-0.03967326946214757,-0.4297421471300805,0.902079663150773,6.151237876299091,74.89598317049389,42.67909209949292,29.898920585636077,16.572707233900577,7.068700152008183,25719.0,95571.67731211851, 0.0, 0.0,0.0,NaN, 143.2324847365612,143.2324847365612,0.0, 225.89101944881853, -22.71287509248712, -2.5496537339527054, -22.71287509248712, 57.10723048493998, 8.180900105455189, -2.5496537339527054, 8.180900105455189, 41.62289696582741, 6.018020711064853, 4.083969800290234, 6.0, 0.0
135, 0 ,1.0,1.0,1.0,248.7466232102609,74.81203482998492,106.73921292017317,9.842918904352501,12.215469920070817,11.871266294089333,52.0,59.0,56.0,-0.050690435284289966,-0.8268999305404381,0.5600598045235065,12.512404401671096,-0.03443934618031229,-0.5589999429564045,-0.8284521683292339,11.566427914898203,-0.9981204392283336,0.0612826945144858,1.4194253200493085E-4,9.832863404395582,65.14980506231659,62.277803036750214,51.414130421737525,18.912343081412352,5.417656368006175,61671.0,208607.01038186887, 2.8421709430404007E-14, 0.0,0.0,87.0944067593185, 140.0607324076663,140.0607324076663,0.0, 96.88305255765984, 3.223895449292885, -0.6414045322659178, 3.223895449292885, 149.21770536815492, -10.549124285796381, -0.6414045322659178, -10.549124285796381, 140.9269634251815, 5.558089800343913, 3.9489244068902596, 13.0, 0.0
136, 0 ,1.0,1.0,1.0,216.67232227017908,58.17307469696218,180.1456400588712,10.424628799675313,10.540758139264744,12.665926630480548,54.0,55.0,58.0,-0.06174695765213906,-0.1455559719378181,0.9874212739524819,12.716788930052457,-0.2361709955976288,-0.9590835609928491,-0.15614731464773782,10.493678194063152,-0.9697476857714742,0.2428418869686857,-0.024844393217753186,10.410195120080648,59.162661524435606,50.065091737984645,52.45778823831944,18.757634652981626,5.325157969061185,60471.0,155379.13345997405, 0.0, -7.105427357601002E-15,0.0,81.63052438927278, 157.139034273604,157.139034273604,0.0, 108.67288561101995, 0.8747246633974171, -3.188075974160594, 0.8747246633974171, 111.10758215047595, -7.4056038242487485, -3.188075974160594, -7.4056038242487485, 160.42569740871633, 5.621239719519835, 3.9305647062875324, 19.0, 0.0
137, 0 ,1.0,1.0,1.0,14.239348288489792,75.45084753196062,242.61511304080872,8.99860806559553,12.262449341554102,10.209098740014301,38.0,64.0,47.0,0.16372413666240362,0.9720015843407529,0.16854473327047872,12.382032495137691,-0.28673913577493315,0.21036245234499573,-0.9346273624597368,10.28301427150874,-0.9439147604996945,0.10469268686238613,0.3131523051621036,8.747182222695779,65.40633277575672,53.627520334656566,42.84682443021363,17.48048065138012,5.4773263781223065,45603.0,150288.6404812919, 0.0, 0.0,0.0,NaN, 95.85726203210295,95.85726203210295,0.0, 80.97494711820093, 10.45924608443887, 9.952043531337361, 10.45924608443887, 150.36766385418065, 6.835696684011313, 9.952043531337361, 6.835696684011313, 104.2256970833616, 5.736815351671397, 3.9942904203414766, 10.0, 0.0
138, 0 ,1.0,1.0,1.0,261.10379063385466,79.23767876664957,11.212266571473194,14.848668939577289,11.298998447846369,7.071923614445815,71.0,53.0,29.0,-0.9629119919559801,0.26973218691873807,0.006711414709400292,15.114151145642307,0.26583862051775997,0.9526802771201561,-0.14741138839138757,11.013839782309498,-0.04615542859275621,-0.140160040404878,-0.9890524958186607,6.958462991670956,71.68185575213764,51.195146258927565,32.06818557794891,18.743988603102935,6.842903627619254,44821.0,117682.64377612747, 0.0, 0.0,0.0,NaN, 88.9788725543965,88.9788725543965,0.0, 220.4829692771673, -28.296951911435656, -4.019532453325291, -28.296951911435656, 127.66736592443465, -9.909713656230439, -4.019532453325291, -9.909713656230439, 50.01210360855636, 5.472271869683457, 3.8674281804381865, 13.0, 0.0
139, 0 ,1.0,1.0,1.0,120.27121802068652,8.367078326923536,92.17146406134295,13.806417713109537,5.8070935014164435,13.237549508152151,62.0,25.0,67.0,-0.7654783950570885,-0.012279891532766372,0.6433444108444302,15.088723259247711,-0.6433697431265714,-0.0022866441757834225,-0.765552182994512,11.756279805287576,-0.01087199751992547,0.9999219847179863,0.006150133947312729,5.804527330408711,78.21805822985948,58.962813561136485,25.56966073596226,18.81417450685309,6.752707576191506,41863.0,117926.17030912958, 0.0, 0.0,1.4210854715202004E-14,49.95834172017027, 151.75886356690938,151.75886356690938,0.0, 190.61717006886477, 1.977144320189907, -44.048773450361665, 1.977144320189907, 33.722334934193086, -1.3494944994543252, -44.048773450361665, -1.3494944994543252, 175.23271698077926, 5.683445468884181, 4.3830025969866835, 11.0, 0.0
140, 0 ,1.0,1.0,1.0,171.389196587726,46.89349376114082,198.14798192004073,12.77398019687785,11.802773805761017,9.769201304067083,62.0,59.0,45.0,-0.9698343200294413,0.2431317584869038,0.017559604440234355,12.841344009210294,-0.23211502623562902,-0.9430880243710824,0.23813356101877534,11.844853220510002,0.07445808410552153,0.22687425218150112,0.9710736673437398,9.628949575175094,61.03201645801205,57.480977698742976,46.669443159803365,19.156164041927365,5.564055436295345,62832.0,163724.8060278025, 0.0, 0.0,0.0,NaN, 170.6269969800708,170.6269969800708,0.0, 163.17457007022747, -6.604333722226552, -3.859446617530459, -6.604333722226552, 139.3054695099584, -10.37825797350226, -3.859446617530459, -10.37825797350226, 95.43729411938601, 5.281621503812311, 3.918819593851909, 22.0, 0.0
141, 0 ,1.0,1.0,1.0,285.8188233508701,119.38501618777823,236.36498381222177,8.369068645160535,10.522615990245404,11.10471442251726,37.0,48.0,62.0,-0.3291100708354126,0.29063700952724325,0.898452386032655,11.402912595159037,0.1600550125244839,-0.9205203954709076,0.3564050988522355,10.619784321679337,-0.9306282578132351,-0.2610983152284701,-0.25643462235891085,7.827848042688205,65.59867563945701,54.219006147453555,38.563250651460066,16.69081516363343,5.049567193794796,39536.0,137157.7206894336, 0.0, 1.4210854715202004E-14,-2.8421709430404007E-14,59.2844205269296, 136.0268471535259,136.0268471535259,0.0, 70.04130998740919, -14.1645368536745, -17.390975843610477, -14.1645368536745, 110.72544727816826, 1.0550186263241752, -17.390975843610477, 1.0550186263241752, 123.31468240566284, 5.354945030487781, 3.971751410462952, 11.0, 0.0
142, 0 ,1.0,1.0,1.0,274.84797115488107,111.44833710041976,22.7967253255839,14.946050721384788,11.053740272809822,11.693865839136114,60.0,58.0,56.0,-0.9797166458366112,-0.0041819104424211054,0.20034421752501866,15.071204361528403,-0.1667287564202852,0.5716209901881749,-0.8033996299220181,11.965964351866557,0.11116121469831829,0.8205071329375156,0.5607238439244872,10.582561158413641,62.506288158034835,62.48902590943401,54.42256049312937,20.955463647692714,6.571502701733347,74328.0,212572.18439284377, 0.0, 0.0,0.0,NaN, 116.50342090704724,116.50342090704724,0.0, 223.38443216620672, -2.501154218669363, -18.423434019760347, -2.501154218669363, 122.18517401873775, -14.421874323938736, -18.423434019760347, -14.421874323938736, 136.74649826371459, 4.79208111399934, 3.5413658977359033, 16.0, 0.0
143, 0 ,1.0,1.0,1.0,229.14760656834594,113.57634726365386,48.124996515096605,12.744368994343246,10.337536030197368,13.07319573768984,62.0,47.0,57.0,-0.26541172387219475,0.3086855215884623,-0.9133837449795398,13.430000205814562,-0.9640561792310777,-0.07284318126278587,0.25551820723755453,12.691303104674004,-0.012340993378446526,-0.9483707712203999,-0.31692361883781583,9.937703910495163,67.8542564547154,60.17775499118062,51.10181369537791,20.123668178906783,5.935488022128199,71738.0,208664.89539691768, -2.8421709430404007E-14, 0.0,0.0,74.608581074091, 142.25211282201064,142.25211282201064,0.0, 162.41894106397746, -2.310155582464375, 4.434015610996145, -2.310155582464375, 106.86465117562877, -24.16872655932949, 4.434015610996145, -24.16872655932949, 170.90844679595182, 6.324775109187567, 4.131184468487598, 13.0, 0.0
144, 0 ,1.0,1.0,1.0,34.223212100445444,20.483846492730923,112.65749669587352,15.417364310038039,11.984951525325773,10.848701848693747,71.0,51.0,51.0,-0.9961501334790985,-0.0010365957678089943,-0.0876574984743912,15.447926495650972,-0.04936155473120064,-0.8197126353704051,0.5706440504628285,13.011234414022192,-0.07244548629205562,0.5727740574461442,0.8165056831600064,9.544520058285995,72.38489577765478,63.16598204467132,47.95925169747542,21.327779414749028,6.644873390106651,81716.0,219282.3133387978, 0.0, 0.0,1.4210854715202004E-14,84.97114106288976, 119.50953006095621,119.50953006095621,NaN, 237.69512226843472, 3.316273923987758, 10.68067771632228, 3.316273923987758, 143.6390630644086, -36.563110093024775, 10.68067771632228, -36.563110093024775, 117.6943318018511, 5.923375410009886, 3.935622379307006, 15.0, 0.0
145, 0 ,1.0,1.0,1.0,258.1190867986065,21.124156845304277,275.1313912979023,11.043598866017861,12.242652763261693,12.710075355796755,51.0,46.0,59.0,-0.5425868843953878,0.08433677678237617,0.8357552159359019,13.92023732228294,0.2517425455228486,0.9655409962110507,0.06600208640223762,12.397876745396768,0.8013895205552559,-0.24620701191828742,0.5451210357585605,9.268726085207902,73.12145253559312,51.23342262580573,45.483167759676576,19.907598182317848,6.089102787498094,67455.0,170391.87578795757, 0.0, -3.552713678800501E-15,0.0,85.16211196466418, 53.091323130863124,53.091323130863124,0.0, 121.96107591351098, 11.543675755120713, -47.786442314076865, 11.543675755120713, 149.8825466817992, 11.923379999704606, -47.786442314076865, 11.923379999704606, 161.54601555003202, 5.76509852930169, 3.7948830192495557, 8.0, 0.0
146, 0 ,1.0,1.0,1.0,144.57809858833204,290.1044360180913,286.5574946320069,12.326168508510749,5.807349451781671,7.7454355464002065,51.0,23.0,31.0,0.991673150315048,0.019571857976195983,0.12728434828991064,12.392286070181438,0.11435413706718237,0.32071264065720095,-0.9402481233473987,7.848984871039186,0.05922410218692822,-0.9469743103685782,-0.31580399177671525,5.52052461345259,51.19921032756878,37.575619563033996,25.215761416260193,14.782654421146246,5.208131893847977,21889.0,48511.14211510769, 0.0, 0.0,0.0,NaN, 145.53848195067184,145.53848195067184,0.0, 151.9344301002021, 3.5307901972259033, 12.190116630571836, 3.5307901972259033, 33.72530765510888, -9.08069956273785, 12.190116630571836, -9.08069956273785, 59.99177180343987, 6.906536136613408, 4.440461136534807, 1.0, 0.0
147, 0 ,1.0,1.0,1.0,157.37070198245044,113.85745856353591,49.70541111472213,10.843300047762938,10.321777485185486,12.814822217936989,52.0,48.0,58.0,0.2974492619829477,0.02173515125775715,0.9544901883967178,13.010096864107023,-0.9537358115666142,-0.039022305449614256,0.29810276988442785,10.610047194876817,-0.043725716474071,0.9990019233601102,-0.009122436167479216,10.319893069497788,60.16308942125231,54.10400322801992,48.29843501000036,18.948011360614643,5.41375842967715,61540.0,157214.4962969371, 0.0, 0.0,0.0,NaN, 189.1487917424,189.1487917424,0.0, 117.57715592581573, 0.6317809195643898, 16.09243510301988, 0.6317809195643898, 106.53909045368202, 1.2314245417346288, 16.09243510301988, 1.2314245417346288, 164.21966847733148, 5.704946905800689, 3.9351775417679584, 15.0, 0.0
148, 0 ,1.0,1.0,1.0,11.85298144876325,84.18182420494699,70.08173586572438,7.541721846354733,11.662208719620066,12.59685313180409,31.0,56.0,58.0,0.09981259815947705,0.5540867535341532,0.8264534559227381,13.381409669120442,0.04261492188893777,-0.8322196572141819,0.5528059429661634,10.815169988033352,-0.9940932620640048,0.019957747976462225,0.10667836994748991,7.452205233964075,65.15676759268138,54.13216196084562,33.363392742593554,17.862138231544183,5.701702136134105,45280.0,117675.24504764262, 0.0, 0.0,0.0,NaN, 110.17496266235123,110.17496266235123,NaN, 56.877568407784246, 4.652924110696162, 11.636994603757174, 4.652924110696162, 136.0071122199823, 28.303822186782128, 11.636994603757174, 28.303822186782128, 158.68070882424252, 7.149033183018042, 4.239287110108022, 10.0, 0.0
149, 0 ,1.0,1.0,1.0,279.43256486839647,55.100616016427104,114.64882396863916,11.740709690086383,12.260249614445772,11.225115732768188,49.0,62.0,53.0,-0.6622361299059182,-0.744925305925653,0.08080592081527271,13.957911789982125,0.045125145541102696,-0.14729638091447622,-0.9880624967123242,11.230345357959608,-0.747935177329644,0.6506843049905765,-0.1311598480930962,9.654908049975363,68.23305219312397,54.429461658555866,49.10649976501969,19.484649240926927,5.874491621206363,64284.0,182376.05484246905, 0.0, 0.0,0.0,NaN, 128.85437559770514,128.85437559770514,0.0, 137.84426402688828, 49.905235679658965, -6.9042506392875564, 49.905235679658965, 150.3137206085177, -1.3274157399830884, -6.9042506392875564, -1.3274157399830884, 126.0032232140399, 6.56848125769148, 4.0351402242901715, 8.0, 0.0
150, 0 ,1.0,1.0,1.0,212.43254905989932,48.9552381930888,124.78750984622761,12.260221090090095,10.226749578563428,10.932915980283813,62.0,51.0,54.0,0.9264234469956498,-0.02535201538281643,0.3756286359860329,12.508706846384143,-0.35609354283901407,0.26488524394968715,0.896121195088072,10.683187492823237,0.12221696120038895,0.9639466182594053,-0.23636821178237652,10.189692732211796,63.09803526890363,54.59007523829322,51.328919990363076,18.598767454873936,5.339843547521959,58398.0,176803.82474940448, 0.0, 0.0,1.4210854715202004E-14,67.93682829673425, 160.11432298302157,160.11432298302157,0.0, 150.31302117788994, -2.2078892557522805, 15.030557575332812, -2.2078892557522805, 104.58640694264724, 1.9437917520811496, 15.030557575332812, 1.9437917520811496, 119.52865183194517, 4.902235076291732, 3.610906464061902, 12.0, 0.0
151, 0 ,1.0,1.0,1.0,186.11317943562864,166.8855640123501,142.23605227256408,10.631222622234011,11.66267452778878,10.460201214411576,54.0,55.0,50.0,-0.3370701972499353,0.8384740057596999,0.42818807058484565,12.12519634983862,-0.8010313020746923,-0.4943882894876614,0.33753380914211717,10.597131274248174,0.4947044928261849,-0.22921946008737384,0.8382874828451397,9.956761685649722,55.83477041384566,57.22941805858105,51.54036655540986,18.220263879649863,5.145742432975958,55708.0,164691.6449830113, 0.0, 0.0,0.0,NaN, 225.6562774058259,225.6562774058259,0.0, 113.0228944435002, -8.320537105942961, -10.469668801222813, -8.320537105942961, 136.01797714113326, 14.994881044689997, -10.469668801222813, 14.994881044689997, 109.41580944597742, 5.519668571784726, 3.8653954785279425, 19.0, 0.0
152, 0 ,1.0,1.0,1.0,150.07188667055357,248.83454405067678,179.56573328500969,10.500961028481134,11.991555303614486,11.90999124758884,50.0,62.0,59.0,0.2499936710434072,0.8488567315311658,-0.46577399430675254,12.091193718629842,0.060298963892808,-0.4937637476770738,-0.8675029662389314,11.915371760880229,-0.9663680455145932,0.188784561906204,-0.17462299331470707,10.379904763414318,56.57086320868902,54.01099393515756,53.950016498557446,19.127070570733853,5.483670670377015,63461.0,164841.4996652509, 0.0, -2.8421709430404007E-14,0.0,31.912461905773835, 198.999386049824,198.999386049824,0.0, 110.27018252167956, 7.141138810305797, -6.268414857096798, 7.141138810305797, 143.7973985996447, -0.5402814406866436, -6.268414857096798, -0.5402814406866436, 141.84789151764275, 5.926224153320811, 3.846699627421591, 19.0, 0.0
153, 0 ,1.0,1.0,1.0,12.201125030907443,44.76024066595236,272.3025426522707,8.253291852007047,10.216419121047648,14.54817945277685,35.0,48.0,66.0,0.10027917681366677,-0.15200779037444265,0.9832790643368001,14.692122323464497,-0.07239030917022388,-0.9867560273985676,-0.1451626175392174,10.09230332038727,-0.9923223920862679,0.056623087676999306,0.10995497308494084,8.150369731685105,68.51918081275238,45.94051743831995,37.943016358366066,18.58367123444661,6.2280602832266725,48532.0,119437.27811310737, 0.0, 0.0,0.0,NaN, 54.03235826819977,54.03235826819977,0.0, 68.11682639440592, 0.25274645305446025, 15.10642217858709, 0.25274645305446025, 104.375219656908, -17.260273916141376, 15.10642217858709, -17.260273916141376, 211.64952539019853, 5.764066455610202, 4.020637255581672, 1.0, 0.0
154, 0 ,1.0,1.0,1.0,184.9875764288879,269.77892778023926,240.34933097031458,11.364074705173728,11.577256319717392,10.059475184079536,55.0,57.0,51.0,0.4145746015599915,0.8364782634571053,-0.3583741264449208,11.921760715712516,0.9005315884836195,-0.43380869087144774,0.029204072790792204,11.274311503402298,0.13103723854135307,0.3348344882000459,0.9331211644943381,9.753441461241373,58.92814412084425,54.06750038385868,48.487824142272814,18.35065972733158,5.255605231366758,56425.0,154486.9330920651, 0.0, 0.0,0.0,NaN, 133.03899089177565,133.03899089177565,0.0, 129.14219390476936, 3.8049096743278525, -6.141676898357264, 3.8049096743278525, 134.0328638924363, -14.494079671711113, -6.141676898357264, -14.494079671711113, 101.19304097911204, 5.615822027677131, 3.8852487369460973, 14.0, 0.0
155, 0 ,1.0,1.0,1.0,278.6683403187031,150.61123758057997,251.4359296215135,11.360914281934424,10.199608928926871,10.126697548313695,45.0,45.0,46.0,-0.8165287341589884,-0.535105744634016,0.21666256795394057,12.028510136681854,0.4470968223090673,-0.34871576105027324,0.8237121763554689,10.356602705551687,-0.36521946521763393,0.7694538063164055,0.5239805169768635,9.149214346086238,57.67152736580178,47.80030161450304,47.744422887416604,17.551490989418923,5.253338263223938,47003.0,131617.83370900908, 0.0, 0.0,2.8421709430404007E-14,77.4869151901317, 158.5260577119458,158.5260577119458,0.0, 129.07037332146155, 22.970758943974968, -2.114126611710503, 22.970758943974968, 104.03202230304476, -13.834356488438779, -2.114126611710503, -13.834356488438779, 102.55000323502261, 6.074361161370482, 3.9832556906778267, 17.0, 0.0
156, 0 ,1.0,1.0,1.0,80.17058244231852,8.385375633089478,19.690278559369723,10.896293045657163,5.52292390780708,11.689606392652994,48.0,21.0,46.0,0.019016644250098438,0.0997935334649801,-0.9948264260261881,11.735873931771561,-0.9998026490186276,-0.003821480386772851,-0.019495109719819523,10.896113014525321,0.005747195559530692,-0.9950008276208752,-0.09970116738019213,5.42427621675686,48.10489617522052,48.32919927111865,23.31658137496064,16.033973368979115,5.365676681117175,28432.0,54208.04649649345, 0.0, 0.0,0.0,NaN, 82.9779722781545,82.9779722781545,0.0, 118.72920213683665, 0.5467405803149993, -0.3083796782832303, 0.5467405803149993, 30.502688491427023, -10.745863188485352, -0.3083796782832303, -10.745863188485352, 136.64689761515376, 5.685681681194304, 3.8188172990813123, 5.0, 0.0
157, 0 ,1.0,1.0,1.0,255.6082159624413,215.6797143974961,135.10309076682316,9.92589852101302,10.823633219426851,11.35984601824231,45.0,51.0,56.0,-0.21574636289221516,-0.1808972409527174,0.9595466091412524,11.40953836890392,0.36947453645664,0.8945007954263959,0.2517079535725805,11.03155043393835,0.9038484794526856,-0.40883311411533174,0.12614836897014822,9.63576298526943,53.22011587973627,53.675664949251825,48.14122962681486,17.834788024952672,5.161485753287498,51120.0,137521.44530703826, -2.8421709430404007E-14, 0.0,0.0,77.54068155169213, 165.32811675233447,165.32811675233447,0.0, 98.52346144944845, 10.990753520208397, -5.045154501605458, 10.990753520208397, 117.15103606868045, 0.015373730931157514, -5.045154501605458, 0.015373730931157514, 129.04610155817568, 5.485836280282465, 3.640817150737307, 22.0, 0.0
158, 0 ,1.0,1.0,1.0,261.2431945973284,32.0968821586886,212.33582244964745,12.314085562184662,11.319676094585349,11.937825767553937,63.0,62.0,57.0,0.5904411629306098,-0.5305846543221184,0.6081604703653697,13.490316157666784,-0.7960656178334939,-0.25879619984147956,0.5470868843711993,11.673310773189243,-0.13288628680389306,-0.8071582568155312,-0.5751841298523337,10.19944310903026,71.20551571966493,57.231142690563445,48.66743717896739,19.689013614006644,5.884402865457883,67226.0,198328.22745563628, 0.0, 0.0,0.0,NaN, 101.08069961624243,101.08069961624243,0.0, 151.63670323280473, -17.781690512783733, 13.954104643600045, -17.781690512783733, 128.13506688632702, -29.72049819436655, 13.954104643600045, -29.72049819436655, 142.51168405647476, 5.569152075121153, 3.9757889071411583, 15.0, 0.0
159, 0 ,1.0,1.0,1.0,151.48459914469765,9.154008553023331,288.3439073242029,12.255635846255737,6.1744293193214315,6.337022998744306,61.0,27.0,25.0,0.9864675600066659,0.024705524701867477,0.16208451531130175,12.380870458712437,-0.1269054813946272,0.7409865061590047,0.6594194389629934,6.4965867787027465,0.10381113546480523,0.6710652984169844,-0.7340944172339351,5.743731784589638,63.10289659361183,36.34032412698349,29.378589204973622,14.114728596473858,5.408926376817243,18473.0,67370.38483671469, 0.0, 0.0,0.0,NaN, 149.25308928215435,149.25308928215435,0.0, 150.20060999602856, 2.065193278478601, 18.463018547812155, 2.065193278478601, 38.12357741929611, 4.984441274435272, 18.463018547812155, 4.984441274435272, 40.15786048661428, 6.028035355848103, 4.160009259958271, 5.0, 0.0
160, 0 ,1.0,1.0,1.0,230.9225625468898,199.9637603157517,9.635809113742376,11.93220862283485,9.810822289651858,6.241993426575166,53.0,43.0,26.0,-0.931800586368535,0.3627140934218804,0.013643814583861155,12.272959464573498,0.3629081437662863,0.931679169469049,0.01648042370729635,9.382879832615192,0.006733975895680994,-0.020307919898581082,0.9997710947802152,6.239258816801124,56.62435395061921,42.60380859556355,26.555194300069417,15.85503854881283,5.119577245342804,30657.0,64062.09959993589, 0.0, 0.0,0.0,NaN, 121.94995052286494,121.94995052286494,0.0, 142.37760261885435, -21.14629719184537, -1.1263198996632318, -21.14629719184537, 96.25223399912973, 1.3068266276989693, -1.1263198996632318, 1.3068266276989693, 38.96248193740759, 6.42706849891021, 4.018086216086669, 10.0, 0.0
161, 0 ,1.0,1.0,1.0,97.53516318718181,229.60535143454754,15.835984056197956,10.77679579017229,12.383133015536364,9.38943366398939,47.0,59.0,38.0,-0.5382284061247822,-0.842788170813386,0.004275742906659149,13.38023682527905,-0.644332902770639,0.4082084039275505,-0.6466846289885697,9.813917086807637,0.5432727613708778,-0.3508190389644627,-0.7627455071336127,9.071883444286017,68.58815074979708,50.366593401331144,50.03186451756816,18.08207068489757,5.539087926765551,50678.0,172837.65266520437, 0.0, 0.0,0.0,NaN, 121.32309341436978,121.32309341436978,2.3360154559928683E-6, 116.13932750307518, 40.19273183124045, 5.616703035081429, 40.19273183124045, 153.34198328046674, -4.047995557757634, 5.616703035081429, -4.047995557757634, 88.16146453045724, 5.995581897297679, 4.025576155808653, 11.0, 0.0
162, 0 ,1.0,1.0,1.0,163.48771379325584,108.94526450700491,193.68530958589295,9.110269453815762,10.96162143872281,10.37720488270473,47.0,54.0,54.0,0.13700331801397714,-0.8874939804468601,0.43998241501649704,11.158435569342501,-0.12355629824336767,-0.45601243433284633,-0.8813549233414582,10.221497341078422,-0.9828346412380653,-0.06638595035411896,0.17213068749651653,9.047145572819401,52.1295508543323,48.88252592020453,46.12684218783498,16.968337625384105,4.787071494724585,45254.0,117541.53188147579, 0.0, 0.0,0.0,NaN, 204.46879552083425,204.46879552083425,0.0, 82.99700952112855, -3.9120504913180434, 5.0356329192945966, -3.9120504913180434, 120.15714456586754, -7.563430595212497, 5.0356329192945966, -7.563430595212497, 107.68638117763086, 5.441776813857964, 3.6589368334761256, 6.0, 0.0
163, 0 ,1.0,1.0,1.0,230.63385292651864,102.76497868099008,275.3624093249903,10.585477751248925,13.743601445573828,12.349402627477284,58.0,62.0,51.0,0.17657445986303266,-0.8270642489919806,0.5336536218966473,14.561099253228319,-0.4348243408175878,-0.551944231346426,-0.7115373202552014,11.840127256485102,-0.8830341175496157,0.10640626636967594,0.45708692140624296,10.061433310437437,65.28301586419374,60.94146341048008,51.63249381421741,20.395250138065105,6.122126834546117,72236.0,205416.9089390638, 0.0, 0.0,0.0,NaN, 126.40931167201853,126.40931167201853,NaN, 112.052339222186, -6.830625711092782, 22.49279257207816, -6.830625711092782, 188.88658069477904, -33.6011043924049, 22.49279257207816, -33.6011043924049, 152.50774525554283, 5.949194388659754, 3.9834370035256965, 20.0, 0.0
164, 0 ,1.0,1.0,1.0,230.99754529758067,79.41709138565871,140.53837032722433,10.56601196753992,10.670016421551436,10.112315709046397,48.0,50.0,47.0,-0.5596992159125463,-0.7141966151381584,0.42030938917906435,11.71301444994853,0.7526742743332482,-0.22590706724480772,0.6184233450685448,10.125190611846687,-0.34672499832547315,0.6624871258326817,0.6639974274363969,9.382675306268968,55.917460113138674,44.844516501913404,50.45163323531095,17.407548625007898,4.972528451581293,48071.0,126512.08478461398, 0.0, 0.0,0.0,NaN, 175.5546829148956,175.5546829148956,1.9073486328125E-6, 111.64060889819682, 17.18810128317512, -4.822459950934796, 17.18810128317512, 113.84925043617733, -16.780685341699076, -4.822459950934796, -16.780685341699076, 102.25892899942656, 5.23894177095109, 3.6946915418265807, 6.0, 0.0
165, 0 ,1.0,1.0,1.0,246.64887106017193,281.43321489971345,229.22344985673354,9.88303331149383,10.172934112682656,10.615248599364948,44.0,42.0,51.0,0.22472180504527775,-0.3756108891396987,0.8991198864983898,10.677598381112576,0.5200873352299078,-0.7340635593233051,-0.4366461434698061,10.35138679012111,-0.8240201903294881,-0.5657447753477587,-0.030390378346907686,9.62725937410886,58.172286524615274,57.189681876929114,53.798627589108946,17.0051501658338,4.9670219005761425,43625.0,178980.20953789027, 0.0, 0.0,0.0,NaN, 90.55599658938493,90.55599658938493,0.0, 97.67434743609668, -7.323369952233581, 1.0237663015575407, -7.323369952233581, 103.48858846098247, -2.5654551024047056, 1.0237663015575407, -2.5654551024047056, 112.68350282631951, 5.228524173740671, 3.7244318957819686, 10.0, 0.0
166, 0 ,1.0,1.0,1.0,88.71464613911346,51.81558350674941,262.2701976022541,12.579360746412279,9.651504049533488,10.353789939474154,58.0,44.0,45.0,-0.9809708974176158,0.17343720674959584,-0.08726759842332865,12.689499490828007,0.01002374859462593,-0.40363384490790666,-0.9148656970883602,10.508926843657765,-0.1938959073415143,-0.8983313723564137,0.39421456411002004,9.334445488845102,58.255096458778056,55.70243801292921,46.13793706933585,18.19645808381913,5.242301643467036,54301.0,149715.34039109206, 0.0, 0.0,0.0,NaN, 109.44716132776578,109.44716132776578,1.9073486328125E-6, 158.2403167883781, -12.66596441249545, 6.111907917845492, -12.66596441249545, 93.15153041816131, 7.487721382460266, 6.111907917845492, 7.487721382460266, 107.20096611075623, 5.692795528770338, 3.8058830433952613, 10.0, 0.0
167, 0 ,1.0,1.0,1.0,15.720137175090542,47.40338450690683,181.38136598185955,9.650533240583403,12.673519213186756,12.48452023935931,43.0,60.0,60.0,-0.16986524857079816,-0.7262878914179006,0.6660718400500965,14.024456497649759,-0.11738964378252999,-0.6561691048565417,-0.7454272448498087,11.106390885626725,-0.9784505449232437,0.20481212027491297,-0.026201651243822358,9.464503585650363,72.2782207478653,49.21493400520691,48.27974252178584,19.366950999679332,5.87667726334888,62402.0,171739.14858648294, 0.0, 0.0,0.0,NaN, 128.7034728041278,128.7034728041278,0.0, 93.13279182760522, 15.815706339999096, -9.163020808512584, 15.815706339999096, 160.61808924701384, -35.294537747113026, -9.163020808512584, -35.294537747113026, 155.86324560697227, 5.618853226479806, 3.8436297787649947, 16.0, 0.0
168, 0 ,1.0,1.0,1.0,238.70235462699242,230.88554142268296,202.91361650184868,10.988253656093939,11.649606467637675,10.433296037284737,52.0,55.0,50.0,-0.447846362911836,-0.8635980485392253,0.23158593607100164,11.90724643593249,-0.7986579594442601,0.502829384750945,0.33061771526540595,10.861548320280356,-0.401969027467255,-0.03689200984262184,-0.9149097663522896,10.273897306441052,52.9111023572101,47.844763828680314,48.113906254764515,18.382084636154605,5.235234463932364,56527.0,121801.27728790382, 0.0, -2.8421709430404007E-14,0.0,30.27699578002863, 134.0148334083238,134.0148334083238,0.0, 120.74171841066179, 9.02427573436846, -7.03712212493848, 9.02427573436846, 135.71333085082554, -5.181009097122483, -7.03712212493848, -5.181009097122483, 108.8536662016214, 5.549279309302151, 3.782270284705801, 12.0, 0.0
169, 0 ,1.0,1.0,1.0,43.548762482029765,209.18127598399192,86.68999883436298,10.665654675285946,10.833991163442725,10.402477123950476,46.0,54.0,50.0,-0.3336079125609806,-0.8153174947754445,0.47324744414502384,11.189994430581544,-0.9112917128441473,0.15038327005078686,-0.38331747441306774,10.635520257318277,0.24135694474840708,-0.5591442164611243,-0.7931611251314509,10.05051332002717,54.71582815461892,51.655199840734376,49.54432556664358,17.73265998384499,4.989574570407718,51474.0,140029.95324725355, 0.0, 0.0,0.0,NaN, 132.88977102664424,132.88977102664424,0.0, 113.75618965244897, 4.9247483638377085, 0.40604194206297906, 4.9247483638377085, 117.37536452955504, -10.036297531247659, 0.40604194206297906, -10.036297531247659, 108.21153031431298, 5.253469501921462, 3.76848529747059, 13.0, 0.0
170, 0 ,1.0,1.0,1.0,16.490170434493784,225.7422515621432,135.42151917128564,10.129077165494843,10.00182644610018,11.663107123920865,40.0,50.0,55.0,-0.3550253482483689,-0.28258312062993673,0.8911250092081197,11.955794818628956,-0.6299050788403543,-0.6320406614457542,-0.4513803207167336,10.469559939868876,-0.6907796998698296,0.7215756247367705,-0.04638991305755467,9.279552208315316,62.36552600808591,52.75873501965788,48.15457383131786,17.636733379498622,5.254373413359222,48171.0,158444.2588655169, 0.0, -2.8421709430404007E-14,0.0,73.5855659055232, 155.32265378455767,155.32265378455767,0.0, 102.59820422454906, 15.058104588127208, -11.297583829947326, 15.058104588127208, 100.03653225790897, -7.606203275192761, -11.297583829947326, -7.606203275192761, 136.02806778405363, 5.49583636810931, 3.804181756312396, 8.0, 0.0
171, 0 ,1.0,1.0,1.0,245.55351301964367,30.083435358611236,173.2186934673367,11.706660231689208,10.315656720721101,10.890115783315403,52.0,55.0,55.0,-0.8647894068799952,0.1034018746014595,0.4913729073494488,12.169950857080126,-0.30531262223479955,0.6686206119186692,-0.678034423920803,10.83859363313016,0.3986520844699757,0.7363793381446881,0.5466461249303197,9.821938369085425,61.00842099436045,55.60091405609381,53.38698469838715,18.26705695431178,5.326154275076529,54725.0,181095.27060984066, 0.0, 0.0,0.0,NaN, 141.21944877957492,141.21944877957492,0.0, 137.04589378021362, -8.905296307860912, -17.594197237443495, -8.905296307860912, 106.41277357975841, -6.898776690212231, -17.594197237443495, -6.898776690212231, 118.59462177401527, 5.182704400354567, 3.5771552678301335, 15.0, 0.0
172, 0 ,1.0,1.0,1.0,138.63248575526183,255.29148416605295,217.21776037830924,10.374855096225984,11.62644375175196,9.985940390012045,51.0,53.0,45.0,0.17174506232189465,0.9613833511582897,-0.21504810086049533,11.71692464074627,-0.8394392253695178,0.2570638783470828,0.47881097456113236,10.569843272270283,0.5156019981333213,0.0982863905371112,0.8511723473868927,9.670724286005047,52.14534945250102,50.407894820360966,50.64412132322093,17.806851408374424,5.044488177533246,51598.0,133119.96144637116, 0.0, 0.0,0.0,NaN, 167.54317858850652,167.54317858850652,3.3036247397782844E-6, 107.63761826768626, 3.29881805963143, -8.930978137643363, 3.29881805963143, 135.1741943126522, -6.807824258494076, -8.930978137643363, -6.807824258494076, 99.71900547287392, 4.839511972527628, 3.553151781881921, 13.0, 0.0
173, 0 ,1.0,1.0,1.0,164.16455358334446,235.007740557854,244.38469237955425,9.649916188067683,10.857661541234048,9.830909203887048,45.0,52.0,46.0,0.08035566117814819,-0.9247582762671647,0.37197459347649653,11.003487411502414,-0.6960570671281479,-0.3191794695126084,-0.6431399735225697,10.367274801262955,0.7134756667312379,-0.20723560677893244,-0.6693324108881806,8.893781554310895,54.94364896417245,54.491952793085034,42.78179756282725,16.89538764048509,4.711936845241054,44958.0,128088.13400193086, 0.0, 0.0,0.0,NaN, 160.52515295841997,160.52515295841997,0.0, 93.12088243673072, 3.186012174763009, 13.959830192091768, 3.186012174763009, 117.88881414399292, -8.613681056721505, 13.959830192091768, -8.613681056721505, 96.64677577507108, 5.325257086853677, 3.6733224809585963, 10.0, 0.0
174, 0 ,1.0,1.0,1.0,139.17863418260458,86.07738055011151,258.275224707711,10.571073221372428,11.634370605772498,10.860357459744636,53.0,54.0,50.0,0.056615643446199515,-0.9891344087907065,0.13567531191573687,11.64964906545044,0.41638524821391065,0.14690365923328996,0.8972416842599933,10.921011776754936,-0.9074238226909258,0.005695283147402683,0.42017802151333217,10.491458955805,55.01891779266365,50.79823588888155,51.802301733427385,18.434180228537144,5.023398441222993,59188.0,144780.3863868362, 0.0, 0.0,0.0,NaN, 168.88151032157427,168.88151032157427,0.0, 111.74758905161725, -0.8734396255377624, 3.6332541928323763, -0.8734396255377624, 135.35857939246313, -2.229058747741368, 3.6332541928323763, -2.229058747741368, 117.94736415343095, 5.839079127270539, 3.8089470578255695, 16.0, 0.0
175, 0 ,1.0,1.0,1.0,213.29379921259843,169.52301807444525,13.823774158911954,10.79652253811493,12.783480535688941,8.027402643461341,51.0,65.0,35.0,-0.16756060747876006,0.9703138575602324,0.17439742156330656,13.010002373344436,-0.9506079762125498,-0.11213756048645153,-0.2894298586691215,10.93302570694501,-0.26128130124911175,-0.21428062291007144,0.9411779301826212,7.458569156310314,65.29654633723084,54.7586123554278,37.47701103430472,17.688958709571672,5.614464043314093,44704.0,134000.86193207593, 0.0, 0.0,0.0,NaN, 157.2682574437173,157.2682574437173,NaN, 116.56489891602367, -11.66292321469582, 14.260794340480452, -11.66292321469582, 163.417374606338, 21.302441311526362, 14.260794340480452, 21.302441311526362, 64.43919320025013, 5.824114999659866, 3.7905405177281426, 11.0, 0.0
176, 0 ,1.0,1.0,1.0,7.4991652148664345,80.3256024970964,142.95550232288036,5.02897376406238,10.242745549024528,13.198101202726638,20.0,48.0,62.0,0.02258056828767101,0.12376545747259031,0.9920545496455355,13.243725453532033,0.07611684189698144,-0.9896401444271362,0.12173171697576281,10.210034985210612,-0.9968431894312342,-0.07276328796060384,0.03176727262020629,4.975259849630669,61.67630867207113,47.655236766593546,21.296132042093344,16.415458297882367,5.909908436651159,27552.0,62593.57197522563, 8.881784197001252E-16, 0.0,0.0,88.70611876774834, 164.14845579483364,164.14845579483364,0.0, 25.29057711962775, -5.566964690133816, 4.11113445678811, -5.566964690133816, 104.91383638206179, 8.919867474645814, 4.11113445678811, 8.919867474645814, 174.18987535741434, 5.939960954321438, 3.837871278879549, 6.0, 0.0
177, 0 ,1.0,1.0,1.0,183.93799400948498,208.94309010733005,128.99461269656376,10.767225773032726,9.590227650981873,11.01032123687907,52.0,42.0,52.0,-0.03934308463474582,0.4290761299586546,0.9024111016555191,11.394267596091542,0.9989827281979948,0.03680743483133311,0.02605228403094681,10.766960591108795,0.022037024606674727,-0.9025180815035462,0.43008776093449075,9.131046849214833,57.59819017910826,51.58189831447251,41.67648929227238,17.435709251061567,5.012866834138989,48076.0,123821.84946115919, 0.0, 0.0,0.0,NaN, 195.96264995779336,195.96264995779336,0.0, 115.93315084746017, 0.41272883788063797, -0.8020854387125054, 0.41272883788063797, 91.97246639765729, 18.018080962180704, -0.8020854387125054, 18.018080962180704, 121.22717373927027, 4.983985142576059, 3.533041881253303, 13.0, 0.0
178, 0 ,1.0,1.0,1.0,231.65064368981245,260.9092954891029,140.23900658895084,10.913501212205981,10.504326999744116,10.129880677517988,55.0,50.0,50.0,0.6626599346749654,0.5879941764149912,0.46383688887218355,11.569059480368201,-0.7488203647481967,0.530323675905774,0.39752340825687943,10.371598629144485,-0.01224223488371029,-0.6107533440562108,0.7917262660851967,9.520855086742884,54.02679697261925,53.43291535701736,41.95196595540516,17.527340834079183,4.9851981157377905,49325.0,121107.32420005139, 0.0, 0.0,0.0,NaN, 160.8312676572284,160.8312676572284,1.9073486328125E-6, 119.10450870882141, 10.11051150265025, 8.239484268439996, 10.11051150265025, 110.34088571755323, 15.348835590044917, 8.239484268439996, 15.348835590044917, 102.6144825407523, 5.198050334226402, 3.7118024664632774, 15.0, 0.0
179, 0 ,1.0,1.0,1.0,107.13181049953828,270.3177042496472,254.83128604533653,11.607246438060361,13.901755706176194,8.739315998205214,57.0,58.0,45.0,-0.33787706686995383,0.9405567528960147,-0.034526544354486,14.212956407738506,0.939290101146078,0.3392978166790104,0.05109889906688023,11.236544743487862,-0.05977619569985418,0.015165295201948412,0.9980965986562074,8.723219479290504,67.28804057596363,55.96051940869273,45.017849050619134,19.15493662794108,6.119724543154555,57393.0,169513.52665877272, 0.0, 0.0,0.0,NaN, 119.99365075802386,119.99365075802386,0.0, 134.72816987386494, -24.026735536539135, 3.8766456025478777, -24.026735536539135, 193.25881171420238, -3.219184739439674, 3.8766456025478777, -3.219184739439674, 76.3756441164856, 5.403453919291341, 3.765524268813316, 13.0, 0.0
180, 0 ,1.0,1.0,1.0,272.99450794122015,92.90806367819505,78.06007867003117,12.961226856739271,9.318789062369358,10.870919295213467,57.0,44.0,51.0,0.8931173185454125,-0.19804117193953,0.40388259374609004,13.61307187763843,0.392281096646692,-0.09648119958836765,-0.9147715120944999,10.251457438164419,-0.2201294994495748,-0.9754337867547992,0.008481222156772777,9.088564902755095,62.961762970535034,53.61487563906505,48.523716492705276,18.489137299830443,5.58228622088233,53896.0,163800.8834048392, 0.0, 0.0,0.0,NaN, 124.31645417940386,124.31645417940386,1.9073486328125E-6, 167.99340163185937, -19.018595316002283, 28.979716180910177, -19.018595316002283, 86.83982958893478, -6.2306351155928645, 28.979716180910177, -6.2306351155928645, 118.17688632304446, 4.65406454227012, 3.3018367929587753, 13.0, 0.0
181, 0 ,1.0,1.0,1.0,65.18834834834834,218.74911711711712,157.3136096096096,8.957580846936741,10.982739425416046,9.656968282031473,42.0,54.0,47.0,-0.19522306220407673,0.9267674525428277,0.3209206208565307,11.18513080675582,-0.39634691132944333,-0.3738575264743624,0.8385342424600691,9.668503259864599,-0.8971048332626872,-0.036505325717617165,-0.44030702848237285,8.690727809907948,53.33752759788038,48.7298882720811,45.09413560291969,16.50904305398316,4.644066510921945,41625.0,117205.60006026633, 0.0, 0.0,0.0,NaN, 176.66531275910518,176.66531275910518,0.0, 80.23825462940793, -6.310079956713472, -9.072233017161295, -6.310079956713472, 120.62056528658798, 9.117982586262025, -9.072233017161295, 9.117982586262025, 93.25703640016191, 5.265109900239709, 3.5936080313578938, 8.0, 0.0
182, 0 ,1.0,1.0,1.0,71.01005825405474,207.4486819496249,289.4003185113784,8.954198929660993,11.340433867452116,5.962598589221449,40.0,48.0,25.0,-0.2636533437504236,0.953893991872202,-0.14343349190247034,11.599418385990406,0.9616321196904557,0.27160495115967587,0.03865768856503611,8.739655611244105,-0.07583258342468689,0.12773802400094203,0.9889046549164748,5.7799319731100445,54.455955010424404,37.90785879208441,28.23117098484437,14.822084276040894,4.964022403668639,23861.0,58277.850546170586, 0.0, 0.0,0.0,NaN, 117.13465795299939,117.13465795299939,1.3486991523486091E-6, 80.17767847194209, -14.21204826570176, 5.4222758290628805, -14.21204826570176, 128.60544030205497, -13.386648086116098, 5.4222758290628805, -13.386648086116098, 35.55258193618562, 5.586324273299693, 3.570712992078717, 3.0, 0.0
184, 0 ,1.0,1.0,1.0,109.68888790390497,173.0149816054253,31.59857719072736,10.14507003423925,10.632807685359447,9.746732984934548,49.0,50.0,44.0,-0.532985640061424,0.7929349718537348,0.2952633365313585,11.270304493113649,0.7058801557289355,0.22428148818573365,0.671886165808827,9.772638068235173,-0.46653993745059824,-0.5665262081038344,0.6792558739496357,9.404979052228251,51.23737681574944,46.61376339283015,45.51447945588848,16.97518523674035,4.777126262873395,45122.0,108705.2789230568, 0.0, 0.0,0.0,NaN, 170.7492814238006,170.7492814238006,0.0, 102.92244599961917, -15.182675595564017, -2.7251933291203447, -15.182675595564017, 113.05659927383893, 10.091781432983128, -2.7251933291203447, 10.091781432983128, 94.99880387961112, 5.576249603115204, 3.6658049619868596, 7.0, 0.0
185, 0 ,1.0,1.0,1.0,244.23140183382174,81.19451744021174,44.05057188770205,11.91191291835012,9.5765073268249,10.876398895721355,57.0,47.0,52.0,0.8809510930721043,0.11263008527307583,0.45960813255037714,12.387247141632981,0.36361827350449205,0.46044416465129057,-0.809798075085504,10.667490213856228,0.30283150890995086,-0.880514415060852,-0.36467443299656677,9.20108557091626,58.948680829763504,47.97388400149994,46.00476216406378,18.031292451269515,5.17413832736206,52895.0,130101.33749027661, 0.0, 0.0,0.0,NaN, 107.90337848002312,107.90337848002312,0.0, 141.89366937435648, 11.7028661788791, 19.270951887599114, 11.7028661788791, 91.70949258073102, -7.302965009028618, 19.270951887599114, -7.302965009028618, 118.29605293884872, 5.8406765968444185, 3.698550575781555, 11.0, 0.0
186, 0 ,1.0,1.0,1.0,210.64599359930028,237.49605422704593,90.30600115292107,10.158346866116295,10.456246656294809,11.097952873346433,47.0,55.0,55.0,0.32662622038715866,-0.5757609286778882,0.7495429708586255,11.734489587411371,0.6715634429514425,-0.41665591722741263,-0.6126992645095857,10.332157135934152,-0.6650698115587591,-0.7034893031506294,-0.25056924413390813,9.551855642226208,54.819225719735535,50.1993659711797,43.86202981505073,17.631832602224126,4.980777274262536,50307.0,120703.49763923208, 0.0, 0.0,1.4210854715202004E-14,41.449195886130056, 141.5840935319927,141.5840935319927,0.0, 103.19201105233475, -13.07867235713792, 4.990310981222756, -13.07867235713792, 109.33309413727638, -16.089416160199136, 4.990310981222756, -16.089416160199136, 123.16455797901834, 5.232031546487344, 3.66873416821134, 13.0, 0.0
187, 0 ,1.0,1.0,1.0,107.6746387949585,288.9785736243468,172.20236704580387,10.301558826892668,6.690197889179358,11.61118853885632,54.0,29.0,50.0,0.16009789949679548,0.04135085507454457,0.9862346421421823,11.653011977456291,-0.9862568847809721,0.04801493659747035,0.15808833949938844,10.268684701894522,0.040816905797071375,0.9979903169110137,-0.048469656002576564,6.667982280384096,51.61037011754294,56.85617673887378,30.740209486156914,16.100493711268026,5.145353593157887,32530.0,90203.09701886638, 0.0, 0.0,0.0,NaN, 167.4739820619136,167.4739820619136,0.0, 106.12211426393026, -2.28327011250887, 4.912230335468421, -2.28327011250887, 44.75874779637994, 4.187520744879233, 4.912230335468421, 4.187520744879233, 134.81969928486836, 5.188178036177558, 3.676471629770263, 12.0, 0.0
188, 0 ,1.0,1.0,1.0,169.41596948818898,198.01323818897637,197.29773622047244,9.640242603574025,9.357442716851931,10.80437788535155,47.0,48.0,51.0,0.4921525660441622,-0.16330342669524542,0.8550542921743258,11.384320874165091,0.037051938336326196,0.9852859505364411,0.166849481692402,9.296424302388342,-0.8697200731279395,-0.05043398165019983,0.4909617173397938,9.011344326370793,62.12584976091199,46.626559217337444,47.43331850388357,16.546704572465586,4.841194164248611,40640.0,137400.78684401306, 0.0, 0.0,0.0,NaN, 194.9390766235639,194.9390766235639,0.0, 92.9342774557637, -3.699256682693062, 20.39915770651861, -3.699256682693062, 87.56173419916524, -5.900029086776925, 20.39915770651861, -5.900029086776925, 116.73458148947365, 5.314191568122194, 3.4427975776618758, 11.0, 0.0
189, 0 ,1.0,1.0,1.0,92.1963761667645,136.27106802733968,212.1617850313346,12.344001443223924,9.597358243290913,10.330658498183567,56.0,50.0,51.0,0.9954927400254555,0.037487719781234025,0.08711415167591527,12.362302886630868,0.08072690940727442,0.14713050126731306,-0.9858173165928762,10.328628088458077,0.04977319212347599,-0.9884064378900177,-0.14344107808925127,9.575963191031159,55.709034138203364,50.92249842149488,49.27688081641162,18.008652090449896,5.186001520595005,52817.0,139790.78440738647, 0.0, 0.0,0.0,NaN, 186.50878737602915,186.50878737602915,0.0, 152.3743716303143, 2.459141610095857, 4.1088090132911015, 2.459141610095857, 92.10928525006405, -1.9733471475778654, 4.1088090132911015, -1.9733471475778654, 106.72250500609235, 5.056018582184538, 3.625594042796189, 21.0, 0.0
190, 0 ,1.0,1.0,1.0,79.47265576226745,100.70019145128397,202.23837765846756,10.151144332233644,10.770908914352372,10.23831034846161,48.0,51.0,49.0,-0.195290724479244,0.9807225712282243,0.0066911296409971925,10.795829189008717,0.21757929816719374,0.036671942935284134,0.9753534834153321,10.244371443962926,-0.9563057993871227,-0.19193333969076867,0.22054661904845577,10.118504569668143,52.266664011416395,47.183611814118535,49.00041373446044,17.330458779881315,4.851433537146384,48054.0,120841.38961410683, -1.4210854715202004E-14, 0.0,0.0,78.73829259676101, 161.2878370339237,161.2878370339237,0.0, 103.04573125383924, -2.6926675913141724, 0.5254032597333369, -2.6926675913141724, 116.01247884127538, 0.18463201659681833, 0.5254032597333369, 0.18463201659681833, 104.8229987914161, 4.326642232267911, 3.3506357907623783, 12.0, 0.0
191, 0 ,1.0,1.0,1.0,98.16748349558017,109.21971578829584,239.18122412442654,10.326190076142492,10.159102266144638,9.757471262065996,49.0,47.0,47.0,-0.8300647988234042,0.5565708860748961,0.03494679567666161,10.45531182973211,-0.5457760625180464,-0.797897212734382,-0.2559072634627655,10.047139861389057,-0.11454658151406706,-0.23149273570569945,0.9660694560842569,9.735873916675557,47.77569753316176,50.693466310942114,48.395473418713635,16.831758934473687,4.662370313949262,44685.0,117209.7575292029, 0.0, 0.0,0.0,NaN, 158.94881135678355,158.94881135678355,0.0, 106.63020148862367, -4.029458497473569, 0.438664398630237, -4.029458497473569, 103.2073588539851, 1.5398845596147197, 0.438664398630237, 1.5398845596147197, 95.20824543004379, 5.354936398241469, 3.5295372185932767, 10.0, 0.0
192, 0 ,1.0,1.0,1.0,7.5358561572235,21.381141542964667,10.108509303784237,4.979159312459713,11.213196160341091,6.330007733821619,20.0,47.0,24.0,-0.09594554206063678,0.9948397939952713,0.032988441038272615,11.25905159333978,-0.1072377995965348,-0.04327944012520635,0.9932909666357295,6.338594146071522,-0.9895931018839933,-0.09176423238873471,-0.11083689980201673,4.863411865068047,48.26565011181803,26.00826131340025,22.55198721869726,12.939179057564944,4.813983674219849,14349.0,28309.63676167764, 0.0, 0.0,0.0,NaN, 24.821851301773307,24.821851301773307,0.0, 24.79202745885428, -9.765530512499494, -2.0865794157639415, -9.765530512499494, 125.73576813028819, 2.673605311701443, -2.0865794157639415, 2.673605311701443, 40.06899791024151, 6.942947551891591, 4.011591013404548, 6.0, 0.0
193, 0 ,1.0,1.0,1.0,12.010817395541478,281.96771835789986,37.70447070288707,7.523326614240482,10.843277423819307,13.314378766032231,31.0,45.0,70.0,-0.062400416834930555,0.24063450328758984,0.968607879281581,13.483434436950008,-0.05972152633106436,-0.9696604142666257,0.2370485610522926,10.665029874271928,-0.9962627802299523,0.04305481194720773,-0.07487827386282131,7.476892678457837,72.37460711217489,49.535791409704046,32.92645169330872,17.71266336256662,6.14095653495289,41045.0,118045.72306797573, 0.0, 0.0,0.0,NaN, 43.48620501623398,43.48620501623398,0.0, 56.60044334453916, 1.4589677926444706, -8.428353879695102, 1.4589677926444706, 117.57666528990949, 16.04995550447857, -8.428353879695102, 16.04995550447857, 177.27268192536997, 5.182087773479633, 3.7799040011062006, 6.0, 0.0
194, 0 ,1.0,1.0,1.0,122.7546333946839,59.32532209048495,44.06366904935154,10.667027234141058,11.319427136578389,9.310225431045911,50.0,50.0,46.0,0.46342810656884836,0.8515557781783611,-0.24512679717455996,11.537199241561902,0.7953607008874198,-0.5216846721254669,-0.3086202494218675,10.739768241274268,-0.3906862494712144,-0.05194092336866459,-0.919057340405769,8.952408060143837,52.0900814844222,50.18410195838522,41.26387687230823,17.395309307414866,5.098863833294946,46726.0,107867.65130777494, 0.0, 7.105427357601002E-15,0.0,31.61871026009846, 143.28224171576116,143.28224171576116,0.0, 113.78547001390702, 6.296190937966249, -14.655952453648576, 6.296190937966249, 128.1294307003072, -5.388302726944172, -14.655952453648576, -5.388302726944172, 86.680297576894, 4.7230795089606525, 3.450354292110006, 13.0, 0.0
195, 0 ,1.0,1.0,1.0,153.83872017101564,166.95661872342404,97.82919348467598,9.180420510511123,11.59169952598801,9.378289086262317,45.0,52.0,43.0,-0.08865881855199835,-0.9416706816849018,0.3246474105056994,11.898413025738856,-0.765973588622751,-0.14389440072969975,-0.6265611406487205,9.47079422108915,0.6367292010151168,-0.30422151254264185,-0.7085373637860737,8.679386448754487,53.395576198570296,45.41551383555398,41.488271415869264,16.828921277335315,4.836045231106796,43037.0,100608.54080829023, 0.0, 0.0,0.0,NaN, 220.53165786483632,220.53165786483632,NaN, 84.28012074981329, 7.1134579677785545, 4.987207100335383, 7.1134579677785545, 134.36749790079068, -18.95538480293977, 4.987207100335383, -18.95538480293977, 87.9523061855069, 6.228921653858101, 3.7919663447361818, 11.0, 0.0
196, 0 ,1.0,1.0,1.0,230.5951963775962,197.45335170784526,165.53058371886996,11.237936562782028,9.925338188731134,10.81500676193904,54.0,44.0,52.0,0.7747120923216679,0.18212336276100607,0.6055181704517271,11.769142628268414,-0.6197337000516878,0.4087709792682893,0.6699525561771433,10.415645018876024,0.1255042430789823,0.8942803627748219,-0.42954780609904764,9.734965241171805,55.641963551136314,54.10567158731445,48.26276973644795,17.77208208744571,5.091269575233215,50795.0,145297.27903391753, 0.0, 0.0,0.0,NaN, 182.79733520160286,182.79733520160286,0.0, 126.29121818911317, 2.69717133215308, 14.825196622254227, 2.69717133215308, 98.51233816068462, 8.580209038721604, 14.825196622254227, 8.580209038721604, 116.96437126078717, 5.203442542627344, 3.5974254532049064, 15.0, 0.0
197, 0 ,1.0,1.0,1.0,263.57123058647545,114.1883496854239,215.09749659025914,8.6632684853443,11.041131318833083,11.156701744732878,45.0,51.0,55.0,-0.33697717254973036,0.7571758308789085,0.5595812240535097,11.362849735210542,-0.05133523561033504,0.5786824197709015,-0.8139357165236861,11.151557498917509,-0.9401122692344893,-0.3030039903712968,-0.1561329659420147,8.24373742383662,59.099908881576184,52.37562592989978,41.63747501390719,17.20555733736848,5.039800807604414,45458.0,128884.42031520297, 0.0, 0.0,0.0,NaN, 146.88250246406292,146.88250246406292,0.0, 75.05222084915972, -17.279200058986383, -9.175275946131919, -17.279200058986383, 121.90658079971678, -0.6525312553521717, -9.175275946131919, -0.6525312553521717, 124.47199382092565, 5.52714821025798, 3.632679359222315, 12.0, 0.0
198, 0 ,1.0,1.0,1.0,13.022598510408047,128.78773314660387,33.08813419059138,7.973598046357426,9.586058957349506,9.771520866288832,32.0,47.0,47.0,-0.09846883830969504,0.6048288435924608,0.7902442393592916,10.154243682153012,-0.24889455075589106,-0.7838333113122168,0.5689084659954955,9.283754109408438,-0.9635120084804146,0.1406677291916344,-0.22772175890350624,7.852175307420943,50.248169080849934,44.70993836402421,35.6145412083469,15.209386115655379,4.430348311799993,31418.0,80011.36268358251, 0.0, 0.0,0.0,NaN, 133.6064852663175,133.6064852663175,0.0, 63.57826580487496, 2.317133791645295, -6.699171661955725, 2.317133791645295, 91.89252633378068, 8.873218120729058, -6.699171661955725, 8.873218120729058, 95.48262004031804, 5.253537375240659, 3.659334866954745, 8.0, 0.0
199, 0 ,1.0,1.0,1.0,125.86367683292958,98.29173654678344,44.72911360954097,9.511146162501497,10.54762951548258,11.51031264606175,47.0,45.0,53.0,0.43879750849996313,-0.11723176534061996,-0.8909059769298591,12.018647077057862,-0.2503295153910735,0.9362562998716422,-0.24649396478358687,10.739723277157612,-0.8630132561312691,-0.3311809990711779,-0.3814803606949135,8.626247926975132,56.07104464593941,50.05002477215857,38.770240086869535,17.554143204479484,5.104286755955694,48297.0,108803.14138726966, 0.0, 0.0,0.0,NaN, 165.84216660301337,165.84216660301337,0.0, 90.46190132446694, -13.195461551979834, -24.853334906822028, -13.195461551979834, 111.25248839587928, -2.131068405044388, -24.853334906822028, -2.131068405044388, 132.48729721008905, 4.727407653176824, 3.388684263637781, 11.0, 0.0
200, 0 ,1.0,1.0,1.0,81.22231184766933,12.552540881425534,200.4829263523258,12.372249170144666,7.911991792383251,10.470986538673031,64.0,33.0,52.0,-0.9871155770049939,0.016612533480787114,0.1591441527843459,12.422450444617864,0.15157627608769167,-0.2215350077135585,0.9632999911163406,10.531757935872118,0.0512588544691099,0.9750109045998938,0.2161625910045753,7.751033639145503,63.175396928319614,48.35875935365894,37.40777072841884,17.173886770889897,5.511019499567,40911.0,114283.8749872453, 0.0, 0.0,0.0,NaN, 129.06695228390774,129.06695228390774,0.0, 153.07254952814537, -3.2525325539968533, -7.381076365143903, -3.2525325539968533, 62.59961412273992, -10.600218772318506, -7.381076365143903, -10.600218772318506, 109.64155909307185, 4.798499871281101, 3.5891415315227113, 9.0, 0.0
201, 0 ,1.0,1.0,1.0,26.98710911699729,98.96795499578654,215.0781652128362,13.144942103273191,7.877261115862395,9.87326682948436,56.0,36.0,50.0,-0.9976416613157785,-0.06108173641958309,-0.03130714108732969,13.162534169400795,0.04247972548671243,-0.19119906995151964,-0.980631627356699,9.942471163731598,-0.05391278632817013,0.9796488846140967,-0.1933428931838213,7.7599680972153635,57.34002489077389,49.668938471180894,37.01681971819575,17.412172168606745,5.3979999854465825,43907.0,105424.57508773178, 0.0, 0.0,0.0,NaN, 133.17161183284932,133.17161183284932,0.0, 172.7895028984042, 6.574301649568689, 1.9210203728441047, 6.574301649568689, 62.05124268747766, 7.460176701994376, 1.9210203728441047, 7.460176701994376, 97.48139788619615, 5.0806552390607305, 3.4248109283061905, 12.0, 0.0
202, 0 ,1.0,1.0,1.0,76.66402168695112,38.614661282579846,221.50693248242172,9.135544868685036,9.216840574022354,9.540425868511882,42.0,45.0,46.0,-0.5905622125847857,-0.1905532093220722,-0.7841720139637869,9.884020990613326,-0.2820675869921709,-0.8616897589475603,0.4218158789013394,9.355593284041447,0.7560913631535389,-0.47029802651292746,-0.45513252665863113,8.614351938943908,47.67788375670017,46.17474169859246,39.82265886206225,15.532509349491542,4.262535545333307,35413.0,87670.13969591659, 0.0, 0.0,0.0,NaN, 116.31692024595898,116.31692024595898,0.0, 83.45818004775748, 5.8805591150180625, 9.291968561710432, 5.8805591150180625, 84.95015016694474, -1.3319515247189022, 9.291968561710432, -1.3319515247189022, 91.0197257525707, 5.010822331384773, 3.3935117983503726, 6.0, 0.0
203, 0 ,1.0,1.0,1.0,92.26942910434114,185.77138572943716,8.022930914676516,11.474090834545509,11.204815443348703,5.471749626183669,54.0,48.0,23.0,-0.7380691816645628,0.6732636632799593,0.044383812182515275,12.67525105057001,0.674723811793337,0.7365949059717157,0.04664463844418936,9.846097551520183,0.0012887498099419803,-0.06437378506324848,0.9979250246990294,5.434617500939689,57.40976164057968,45.70381236035294,24.246195018392356,16.02115683227216,5.519531440827943,27343.0,63618.25692971968, 0.0, 0.0,0.0,NaN, 147.05846213623934,147.05846213623934,0.0, 131.65476047940123, -31.656028916679094, -2.173936000015427, -31.656028916679094, 125.54788911950558, 6.234441763802187, -2.173936000015427, 6.234441763802187, 29.94004397164112, 5.048015743092934, 3.5189962677628412, 6.0, 0.0
204, 0 ,1.0,1.0,1.0,67.66510852203326,195.13189420276237,125.01153340223621,9.409456726375158,9.065636526014146,11.395973309640324,41.0,44.0,52.0,0.2758640717682886,-0.2185098323485139,0.9360301635494689,11.628013122223646,0.7486286392925476,-0.5619438987941016,-0.35181559806107787,9.596053474891105,-0.602871606843787,-0.7977922710675439,-0.0085625864364227,8.56136190788523,53.882264492178095,45.55419298946181,42.714023071085364,16.68244422192853,4.721006668457644,42572.0,104844.26383146785, 0.0, 0.0,0.0,NaN, 176.64588873896156,176.64588873896156,1.9073486328125E-6, 88.53787588552669, -11.635689757380897, 11.039002906034181, -11.635689757380897, 82.18576562180183, -8.949068872816767, 11.039002906034181, -8.949068872816767, 129.86820767403464, 5.183809063908644, 3.54929969198836, 7.0, 0.0
205, 0 ,1.0,1.0,1.0,7.667108073472875,257.03767620674927,127.71537804357112,5.24199018041241,9.273090531912983,11.757936169262505,22.0,41.0,47.0,0.005554086155081601,-0.12766525994437908,0.9918017612054919,11.795272206899773,0.05375980177783291,-0.9903446240911057,-0.1277787511546939,9.23481600480383,-0.9985384498554823,-0.05402876027801473,-0.0013627997031014274,5.225653925357329,50.5889680933991,42.35251380870301,22.913590815608888,15.020250131911151,5.109776707438198,23410.0,49093.971580519144, 0.0, 0.0,0.0,NaN, 134.965786778497,134.965786778497,0.0, 27.478461051540133, -3.165885917163761, 0.21772495060015462, -3.165885917163761, 85.9902080130542, -6.822253884426729, 0.21772495060015462, -6.822253884426729, 138.24906296045143, 5.2502184452243155, 3.6812101451624826, 3.0, 0.0
206, 0 ,1.0,1.0,1.0,158.8121687611377,53.16130898655373,163.31349950241847,10.491512128445326,9.277717471514904,10.461745019842251,56.0,39.0,51.0,0.730930577195278,0.19869089524240516,0.6528877541114931,10.861150611851965,-0.6420719627980203,-0.12398166828055276,0.7565528008797988,10.157028532986956,-0.23126626625964228,0.9721884971949335,-0.03695186074044899,9.190547091959166,51.39277726967356,47.509400545157476,41.04866068250875,16.808829472548783,4.802002586998792,43209.0,100226.05352856059, 0.0, 0.0,0.0,NaN, 203.5763441104409,203.5763441104409,0.0, 110.07182674131538, 6.35349542305699, 6.902690688551598, 6.35349542305699, 86.07604148125291, 2.591564453427442, 6.902690688551598, 2.591564453427442, 109.44810886019415, 4.982658938718721, 3.41312826923135, 14.0, 0.0
207, 0 ,1.0,1.0,1.0,208.90534708925153,74.98745391672145,252.68649081192308,9.812564958750245,8.630175981828504,9.69691714784568,45.0,37.0,50.0,0.7899230542433135,0.3171104531024509,0.5248452428174172,10.247975606320756,-0.47312562492577304,-0.2293077178431483,0.8506292456623884,9.480415448045289,-0.3900944903654908,0.9202493852596295,0.031102371545631568,8.360459893087544,51.8277565053491,50.75631612201643,37.15514844236266,15.639155576276647,4.495929668069085,34991.0,97739.81306330196, 0.0, 0.0,0.0,NaN, 127.12168259401068,127.12168259401068,0.0, 96.28643106969321, 10.966004040244167, 6.520409750195482, 10.966004040244167, 74.4799374773296, 1.9483687081373804, 6.520409750195482, 1.9483687081373804, 94.03020217218359, 4.764691408723486, 3.368655748642139, 14.0, 0.0
208, 0 ,1.0,1.0,1.0,29.509694327815367,122.60356216404139,61.69472895996577,9.498716934421246,9.916231396448437,9.151240451685464,43.0,47.0,41.0,-0.5424224242801245,0.8314370532658087,-0.12037582853190286,10.321482940222076,-0.6172235481620751,-0.29719926241291406,0.7284968702852739,9.471343692280865,0.5699236836913271,0.46945183446003236,0.6743900725024197,8.721416679079791,50.371323266986295,44.96846617297825,43.1059526535621,15.89500189276655,4.432988285759217,37393.0,97640.20489214669, -3.552713678800501E-15, 0.0,7.105427357601002E-15,83.35256992583076, 140.38766005627667,140.38766005627667,0.0, 90.22562340026094, -11.238929513129877, -4.145103074050947, -11.238929513129877, 98.3316451079097, -6.0034588799365105, -4.145103074050947, -6.0034588799365105, 83.74520180456436, 4.747668213103629, 3.3414125535148744, 9.0, 0.0
209, 0 ,1.0,1.0,1.0,230.84008902489916,57.94399777437752,19.348337738211157,9.070363467932458,9.688132147500745,9.975239150525052,45.0,52.0,42.0,-0.2912409858807956,0.6766690975141583,0.6762378432271863,10.905494172795427,0.6942764781330268,-0.33680956253191535,0.6360341897243106,9.386202206654147,-0.6581480532937729,-0.6547352526452465,0.3717026888377088,8.282885912587155,55.103271947442806,46.99406380483802,38.946624105413576,15.923708929189527,4.698115366447432,35945.0,100853.32212940477, 0.0, 0.0,0.0,NaN, 92.27653188862718,92.27653188862718,0.0, 82.27149344040372, -14.476057888242574, -1.3026500119839104, -14.476057888242574, 93.8599045074374, 18.851361910335513, -1.3026500119839104, 18.851361910335513, 99.50539611016775, 4.851296566771871, 3.2820087826262574, 9.0, 0.0
210, 0 ,1.0,1.0,1.0,260.406843332051,142.43379574102153,37.7697617054018,9.431950069094045,9.530601731017295,11.716685363852118,46.0,41.0,50.0,-0.08632247082724195,-0.29663866606313877,0.9510804029242541,11.911699202134937,-0.7296227206714334,-0.6312140988372166,-0.26309588919087346,10.04759288702109,-0.6783797730698459,0.7166409583783241,0.1619463499567127,8.615803309686255,52.882667862799174,48.559907692250306,43.40246468111806,17.088193857107505,5.006835135949638,44189.0,111456.55144086752, 0.0, 0.0,0.0,NaN, 152.58295816837028,152.58295816837028,0.0, 88.96168210588317, 14.03924551738923, -0.4249875747292999, 14.03924551738923, 90.83236935526988, -14.650016115568281, -0.4249875747292999, -14.650016115568281, 137.28071591550645, 5.331965432995062, 3.564569783506551, 8.0, 0.0
211, 0 ,1.0,1.0,1.0,237.696805932532,227.07132124854596,41.9209480418767,9.285352022962575,10.540826918417105,9.845218049885661,45.0,50.0,46.0,-0.23003514007634762,0.8094027166972096,0.540324973079379,10.929329909995634,0.5656612173201108,0.5629980230489264,-0.6025451130520689,9.837732658610548,-0.7919035430846267,0.1670343325372858,-0.5873570551239149,8.83311251034076,50.19815483613303,49.51303500313364,42.39700965232356,16.503419339404118,4.678916848153616,41264.0,105376.19869525367, 0.0, 0.0,0.0,NaN, 104.67877559549068,104.67877559549068,0.0, 86.21776219033521, -1.7397174258298105, -11.54214373420126, -1.7397174258298105, 111.10903212402665, 11.754426374388238, -11.54214373420126, 11.754426374388238, 96.9283184497944, 4.875342462741968, 3.4204775032963264, 9.0, 0.0
212, 0 ,1.0,1.0,1.0,208.39717065990678,177.01766293237387,111.62768828195273,8.357707684310332,10.051136126499193,10.31352434554701,37.0,46.0,50.0,0.04015524138147536,0.5216944992739989,0.8521868375050436,10.483039833530903,0.11553575125800189,-0.8495782792267998,0.5146535122267012,9.896780658241447,-0.9924913333479767,-0.07779201047203892,0.09438938677559917,8.330966813476726,51.419168668485014,49.65497578829435,37.549891567506194,16.00336444229085,4.597578288968561,36687.0,95873.04310030973, -2.8421709430404007E-14, -2.8421709430404007E-14,0.0,71.28337670745985, 189.67465398649938,189.67465398649938,0.0, 69.85127773637998, -1.9533177034813638, 3.0826165683666567, -1.9533177034813638, 101.02533743341719, 5.521363371038647, 3.0826165683666567, 5.521363371038647, 106.36878442619091, 4.862531604204738, 3.390893388648978, 17.0, 0.0
213, 0 ,1.0,1.0,1.0,219.46055973546748,217.8686203095797,130.2166818421431,9.030226422917464,10.940662838637962,9.75320803623894,38.0,50.0,50.0,-0.07031032475520899,-0.9692572945035316,0.23578964202125505,11.015152886585227,0.22168853287508342,-0.24564631334045817,-0.9436694776954138,9.714088844920546,-0.9725793811430047,0.014077847631509753,-0.2321446996628479,8.981706095960263,53.455633186110816,51.212783252188586,39.305683114898954,16.56525251742701,4.686210476491125,41734.0,107603.70017173144, 2.8421709430404007E-14, 0.0,0.0,85.9681885658757, 173.74852286553144,173.74852286553144,0.0, 81.54498924915673, 2.0254528449122433, -3.5385978264205034, 2.0254528449122433, 119.69810334875369, -6.119014076281447, -3.5385978264205034, -6.119014076281447, 95.12506699815583, 4.819872757352015, 3.4255304404719538, 10.0, 0.0
214, 0 ,1.0,1.0,1.0,230.8878648233487,10.66411899142033,133.49807051065903,11.235943523514003,6.890146831951874,8.714175636091241,58.0,27.0,44.0,0.9652177716211018,0.18068133513217688,0.18896800914876608,11.472053483108922,0.14725307821473663,0.22153957074210626,-0.9639692679498078,8.662542915631686,0.21603514599036633,-0.9582663897530046,-0.18722804802342988,6.5581816353030815,61.3466895831059,45.21421141077755,31.158806603699222,15.004871649181489,4.950882147424835,26691.0,86426.49653409322, 0.0, 0.0,0.0,NaN, 150.70482902882634,150.70482902882634,0.0, 126.24642686359624, 16.496148819501713, 11.613342513896113, 16.496148819501713, 47.47412336585644, -3.8152110401236743, 11.613342513896113, -3.8152110401236743, 75.93685701664619, 5.430350726136986, 3.605655319372698, 8.0, 0.0
215, 0 ,1.0,1.0,1.0,214.90282868801438,283.8774696267607,191.73518223943566,10.328983922289368,9.704127183888964,10.832669496176095,47.0,40.0,47.0,-0.5927857033842017,0.0908878623851167,0.8002152874910358,11.714946446858598,-0.5650267686671026,-0.7549703124952762,-0.3328131276563433,10.618677113660498,-0.5738901119142144,0.6494299221023376,-0.4988896829212257,8.25884058354724,60.03702898676947,51.42060845056301,43.95190854026423,17.09940870985223,5.080840821630733,43377.0,135685.7195468631, 0.0, 0.0,0.0,NaN, 138.64607933751915,138.64607933751915,0.0, 106.68790886691224, 15.283941592936378, -24.368379714152088, 15.283941592936378, 94.17008440109275, 16.213926587882945, -24.368379714152088, 16.213926587882945, 117.34672841338407, 5.87424251446325, 3.667000922481873, 13.0, 0.0
216, 0 ,1.0,1.0,1.0,173.24670097461404,45.94313313975218,232.2124313601472,9.407994789157392,10.33833466815182,8.458301324873663,50.0,45.0,36.0,-0.18999360521722072,-0.9816233909506511,-0.017831105268826534,10.370919383437506,0.9170993648049683,-0.183929753486679,0.35369280577452,9.516842867483074,-0.35047280215572457,0.05084647599268395,0.9351916652901904,8.29506624107118,46.5359828289902,45.34657143585835,43.0316326078343,15.701587041759089,4.516033141593372,34783.0,90807.38522110089, 0.0, 0.0,0.0,NaN, 150.90501899744308,150.90501899744308,0.0, 88.51036595281266, 3.555673016352435, 7.190297745984522, 3.555673016352435, 106.88116371070979, -0.7375100126391928, 7.190297745984522, -0.7375100126391928, 71.54286130235957, 4.816545193607228, 3.4385825520596778, 12.0, 0.0
217, 0 ,1.0,1.0,1.0,65.787741171161,130.13203768475685,248.24847681371995,8.982142438188122,9.551030615455895,9.889996575422769,41.0,45.0,49.0,0.13092881507012563,0.6339074006690393,0.7622460578850873,10.767245122174867,0.8963331345017985,-0.40421621575266886,0.18219814191361092,9.049293886071471,0.4236089675378854,0.6593714114970526,-0.6211157575861942,8.478786086561042,51.97397514712546,44.70401825205785,38.710365065857545,15.775758477957261,4.564925552986639,35452.0,89941.42481664434, 0.0, 0.0,-2.8421709430404007E-14,40.33739250258992, 154.7274838950428,154.7274838950428,0.0, 80.67888277990005, 0.03239827309588243, 6.028652488526524, 0.03239827309588243, 91.2221858173758, 20.54518447576929, 6.028652488526524, 20.54518447576929, 97.8120322618741, 4.388129084539053, 3.2514029130168933, 13.0, 0.0
218, 0 ,1.0,1.0,1.0,70.77424820900005,252.3213933336193,253.70018446227104,9.913980513283791,11.841903091652169,9.958152302107495,45.0,56.0,45.0,-0.4154412982093642,0.8994890000321383,-0.13538118984298286,12.496845604065928,-0.576875872295219,-0.1454625834212719,0.8037753820490148,10.676214489434397,0.7032942170285124,0.4120196301702054,0.5793246660109156,8.21764989796656,58.29083023643503,49.68419096057096,41.84287167987583,17.590846662388245,5.314563897645634,46622.0,121182.51063771948, 0.0, 2.8421709430404007E-14,0.0,25.90902034605363, 97.08716012956768,97.08716012956768,0.0, 98.28700961777074, -29.225994920073244, -16.553248649448594, -29.225994920073244, 140.2306688320812, -16.2253134567945, -16.553248649448594, -16.2253134567945, 99.16479727196881, 5.28515277912317, 3.399476848531192, 10.0, 0.0
219, 0 ,1.0,1.0,1.0,201.21326852338413,45.38097740409879,17.31350499211771,9.568559342316682,9.542151181785764,10.079006420602422,49.0,47.0,40.0,0.5787444330604782,0.0513328703829016,-0.8138917726699035,10.642779239995402,-0.4279543428415254,0.8686733359445019,-0.2495229766216507,9.810207533784064,-0.694197350646474,-0.4927185523575328,-0.5247079821368389,8.642188709050819,53.05265741659811,48.33132329202906,45.476224098133656,16.18467151574703,4.71728263064568,38060.0,116605.81982606568, 0.0, 0.0,0.0,NaN, 110.08182811480022,110.08182811480022,0.0, 91.55732788743586, -6.866090215162106, -15.871668944325325, -6.866090215162106, 91.05264917605544, -6.283547619172458, -15.871668944325325, -6.283547619172458, 101.58637042654485, 4.7248807757764, 3.287417317234178, 11.0, 0.0
220, 0 ,1.0,1.0,1.0,27.962272132912855,48.558014768094765,69.72415583416661,12.24078038543146,9.25192035920869,10.959798519613122,55.0,44.0,53.0,0.8624303147518422,0.08413399839293167,0.4991346737218889,12.873445299732152,-0.48881197367225876,-0.11763152672030108,0.8644221644058426,10.250998597938802,-0.13144126669988082,0.9894868843172551,0.060323288806741406,9.205615255260167,62.692992341961244,52.381477814116934,44.2909615576627,18.079879965726832,5.3544242260891055,52004.0,145449.37351746255, 0.0, 0.0,0.0,NaN, 89.44958003166217,89.44958003166217,0.0, 149.83670444436356, 7.045570051822915, 26.26603326179998, 7.045570051822915, 85.59803033314024, 1.3325844521251984, 26.26603326179998, 1.3325844521251984, 120.11718359051397, 4.709715266908217, 3.450191869790782, 14.0, 0.0
221, 0 ,1.0,1.0,1.0,182.82112068965517,169.52989960715846,78.10759493670886,9.215362567779065,10.330937207562693,8.851766262996817,44.0,47.0,40.0,0.30695964919691127,0.9445240300230218,0.11683377283122959,10.475748926306919,-0.9513454628919948,0.30797250347393107,0.009733824470140507,9.074395506093552,-0.026787758393064548,-0.11413717104024301,0.9931037821835166,8.827172109397434,49.74156845531982,45.207962607580455,42.376093979659316,15.818317683406102,4.4481189826481415,36656.0,95291.75676533327, 0.0, -2.8421709430404007E-14,0.0,19.174257821457235, 191.9743035922868,191.9743035922868,0.0, 84.92290725562357, 7.9296036589954735, 1.1002700785683035, 7.9296036589954735, 106.72826358660323, 3.524936598356798, 1.1002700785683035, 3.524936598356798, 78.35376597472865, 5.014659661477711, 3.3921784838938027, 10.0, 0.0
222, 0 ,1.0,1.0,1.0,115.36562884063908,28.241064113068415,126.49088488324458,10.66717305643171,9.772592734635694,9.135194628732497,52.0,51.0,52.0,0.8669919010547412,0.3996599226912395,0.2976524646293362,11.157938692217627,-0.27347010481691136,0.8809182709442117,-0.3862604065757814,9.542087821272538,-0.41658029871432134,0.25348559349811733,0.8730440473492695,8.785948715396371,58.588603100670696,44.00736981054821,50.59572289464533,16.404468199752603,4.861826175527011,39056.0,130452.48657030109, 0.0, 0.0,-1.4210854715202004E-14,72.68334086666059, 173.5129101207768,173.5129101207768,0.0, 113.78858101586266, 13.05327233883103, 13.671962409547087, 13.05327233883103, 95.50356875705434, 0.9120319240129944, 13.671962409547087, 0.9120319240129944, 83.45178090482308, 4.729979374418886, 3.2520023999366496, 13.0, 0.0
223, 0 ,1.0,1.0,1.0,107.70960864076308,264.417534015991,142.62625894234816,8.921476243624754,8.340618047782295,11.054586021988317,44.0,39.0,55.0,0.15930022695314994,0.19186210963850514,0.9684071295574693,11.178537125720414,-0.8580648003156001,-0.45818687493021487,0.23192582025516867,9.132329950491043,-0.4882092135058742,0.8679019060508769,-0.09164084963175595,7.9374666806448175,54.37016008508479,49.24351168062253,40.84224686001468,15.817589375071478,4.600694106733232,35645.0,109350.1174169018, 0.0, 0.0,0.0,NaN, 182.23534623924976,182.23534623924976,0.0, 79.59273836556085, 9.912411126371738, 5.498875194620431, 9.912411126371738, 69.56590941899174, 9.344126473868199, 5.498875194620431, 9.344126473868199, 122.2038721175395, 5.199726125015619, 3.2697898627544975, 11.0, 0.0
224, 0 ,1.0,1.0,1.0,281.3796605594358,27.85835273475723,143.44528798461383,10.395260721583266,13.181250487033875,10.388819702161324,42.0,61.0,50.0,0.0893867459808628,0.9540626501207328,0.28596235641698997,13.454980056024887,-0.9087067912915383,-0.039421781674627475,0.4155693571357671,10.4426635158098,0.40775234775975167,-0.29700232789357545,0.8634394246976491,9.982418297345863,63.148944616043245,48.040430188093495,47.79446515847718,18.938943095533716,5.572326183902432,59274.0,144994.18677795434, 0.0, 0.0,0.0,NaN, 147.30701104484055,147.30701104484055,0.0, 108.06144546969186, 7.277552216098424, -1.4695610352895137, 7.277552216098424, 173.74536440193074, 22.05070752638286, -1.4695610352895137, 22.05070752638286, 107.92757480401532, 5.947749807967603, 4.10757268065976, 7.0, 0.0
225, 0 ,1.0,1.0,1.0,273.7209693395683,234.28105779641106,173.20471769827924,12.356333506164262,9.252756551881594,9.331577395306443,49.0,45.0,47.0,-0.9295884132394537,-0.3661115549088387,-0.04275174070359684,12.823205660238475,0.2421403671113202,-0.5190967446273849,-0.8196990986529429,9.957341881359774,0.2779090221388112,-0.772334706639216,0.5711967054652589,7.860506183540979,58.78673265492398,50.01404633357839,38.89931404562455,17.248362417029703,5.278713113946684,43411.0,114370.29940699601, 0.0, 2.8421709430404007E-14,2.8421709430404007E-14,72.63978039389038, 145.2122943513518,145.2122943513518,0.0, 152.67897771555758, 30.238106772198957, -3.336164901079068, 30.238106772198957, 85.61350380838776, 17.503887018573476, -3.336164901079068, 17.503887018573476, 87.07833668459419, 4.783448054214318, 3.394934419341911, 6.0, 0.0
226, 0 ,1.0,1.0,1.0,236.41993588413018,202.7815447773242,268.2828247883946,11.523038238068102,10.29332346466992,8.62086448120159,52.0,50.0,41.0,0.8917163377793654,0.3773358359715331,-0.2499192666222853,11.89255649149092,0.4265985142999644,-0.8851868490758493,0.18562852641830835,10.150741289518132,0.1511809529485113,0.27214317760111734,0.9503064823259635,8.28141135058004,58.14022410382083,51.19650967266197,44.82866614646747,16.978619842781534,4.977819886439274,43359.0,133435.95622668022, 0.0, 0.0,0.0,NaN, 120.41524734129484,120.41524734129484,1.3486991523486091E-6, 132.78041023597962, 11.50152523569446, -13.506876859408363, 11.50152523569446, 105.95250794832437, -12.531748509059843, -13.506876859408363, -12.531748509059843, 74.31930440324317, 5.25946558360717, 3.478051193899303, 13.0, 0.0
227, 0 ,1.0,1.0,1.0,173.7968628559316,102.84516827998775,289.60653807202243,14.263376501838373,13.650030288847857,5.69332694605014,66.0,57.0,23.0,-0.8268575698729846,0.5575655502075636,-0.07366964344611995,14.728827066172855,0.5619543307605334,0.8243468383174624,-0.06826141146712161,13.210200790786343,-0.02266912621217316,0.09784143998193547,0.994943799085676,5.543776344348774,74.2537146666507,65.04551431884002,25.978808782726276,19.34004492463546,6.938578395274908,42459.0,125474.29672794517, 0.0, 0.0,0.0,NaN, 163.1330270496807,163.1330270496807,0.0, 203.44390923319506, -19.24200813926624, 5.82732496929262, -19.24200813926624, 186.32332688646392, -15.738915629537232, 5.82732496929262, -15.738915629537232, 32.41397171462062, 6.010734223133093, 4.223239785785464, 10.0, 0.0
228, 0 ,1.0,1.0,1.0,103.2004070881226,285.79540229885055,281.85141283524905,13.0075057475664,9.051573598455992,9.858208135352292,65.0,39.0,39.0,-0.9754217942520573,0.21488852408644446,-0.04873649057991807,13.159625978375361,-0.1648396059082682,-0.5648604557364055,0.808554617740365,10.860196915203154,0.14621979216954073,0.7967154998876392,0.5863993388610584,7.562461576328491,66.7832090338535,55.78570222577363,42.586534771446736,17.675158174524682,5.991597577165255,41760.0,158658.1885089885, 0.0, 0.0,0.0,NaN, 105.74245048740968,105.74245048740968,0.0, 169.19520577297294, -18.654447362047, -2.583512308864931, -18.654447362047, 81.93098460826555, -28.961866109569705, -2.583512308864931, -28.961866109569705, 97.1842676399261, 5.477939045477759, 3.9484694819978943, 9.0, 0.0
229, 0 ,1.0,1.0,1.0,94.99076511637625,53.15933308261251,290.63089716267604,9.004957240503405,13.722086611802203,4.837679935464159,40.0,63.0,18.0,-0.18921984278842954,0.9801243535635192,0.059599518847180566,13.89448669679336,-0.9819113025864966,-0.1892859066246754,-0.004586873244820763,8.77120708102194,-0.006785642785425247,0.059389368619038985,-0.9982118301978896,4.7746443655576485,64.18684965825753,43.69424418125489,19.87337696570694,15.9752787427544,6.1301331253414295,23931.0,55736.791203298875, 0.0, 0.0,0.0,NaN, 109.2563052604245,109.2563052604245,NaN, 81.08925490329469, -21.514177735520573, -1.6762597353661721, -21.514177735520573, 188.29566098180123, 9.992703569375239, -1.6762597353661721, 9.992703569375239, 23.40314715799251, 5.458033731265083, 3.4701036606672417, 8.0, 0.0
230, 0 ,1.0,1.0,1.0,8.279907814791535,72.89178713597319,22.703959773727217,5.327117223128649,11.123555576484689,11.742196876089096,20.0,54.0,47.0,-0.057383855951410406,-0.5483539206210628,0.834275176914462,12.20398913572375,-0.00880540729409704,-0.8353416777729848,-0.5496605736068397,10.633919672877632,-0.9983133565562133,0.038887775906111324,-0.04310664689515102,5.288974911535943,61.3427263465695,47.55942367021706,21.765925561762998,16.163452015684285,5.360379929219572,28638.0,63500.44910043874, 0.0, 0.0,0.0,NaN, 76.79348471520547,76.79348471520547,NaN, 28.378177908953887, 4.432342842308767, -5.379109628682083, 4.432342842308767, 123.73348866314363, -16.261171473609114, -5.379109628682083, -16.261171473609114, 137.87918747683653, 4.724380525422334, 3.212264139011462, 5.0, 0.0
231, 0 ,1.0,1.0,1.0,7.743764713910403,163.71353509161008,49.377494967416155,5.214010398161006,12.623379757055044,10.842715607834654,21.0,54.0,45.0,-0.023625905871141904,-0.948569410331665,0.31568637974230823,12.825200879018874,0.09474755820832872,-0.31647771746928294,-0.943856320929723,10.6435975452145,-0.9952209386791092,-0.007611053046042741,-0.09735170818328262,5.131096996126327,56.87694627408611,50.33216095583727,23.252894796167435,16.502043119500268,5.637612576036079,29309.0,66566.98308580814, 0.0, 0.0,0.0,NaN, 145.16233470989437,145.16233470989437,0.0, 27.185904432131096, 0.4887457278648805, -8.806919812846022, 0.4887457278648805, 159.34971649082706, -15.396177019126272, -8.806919812846022, -15.396177019126272, 117.5644817523812, 5.425730538213057, 3.5734493376518905, 6.0, 0.0
232, 0 ,1.0,1.0,1.0,286.40313101881577,196.33275717319373,59.833102869277496,8.472491506411336,9.399417452963835,13.244235421389638,36.0,41.0,64.0,0.07255191578119592,0.06594680926369892,0.9951820124300956,13.275482300348582,-0.4452911194026876,-0.8906997663771548,0.091486311308213,9.677616692880315,-0.8924416162963156,0.4497832194775826,0.03525644591845821,8.102298286122355,65.40637009229356,48.633036956644105,39.219028027929085,17.35550317462886,5.859047894833925,40498.0,124752.21467701498, 0.0, 0.0,0.0,NaN, 120.46481760401686,120.46481760401686,0.0, 71.78311232621223, 11.63809092771095, 6.843912355083575, 11.63809092771095, 88.34904845508116, 4.97563103693139, 6.843912355083575, 4.97563103693139, 175.40977189719194, 5.7119745303060725, 3.6383900040576047, 6.0, 0.0
233, 0 ,1.0,1.0,1.0,14.591765873015873,18.035376082251084,152.63309433621933,8.779460445018485,11.021257065282324,11.316946813348292,33.0,46.0,53.0,-0.2760429931711765,-0.03289079573152764,0.9605823553851301,11.511179930985502,0.1455525180528508,0.9864575303286103,0.07560426804389793,11.080896216129862,0.9500603825071186,-0.16068520907079784,0.2675173511686705,8.445519156610166,52.47780626278136,50.614861011429085,40.209040946984345,17.29873446328974,5.232026772622782,44352.0,106801.52035449569, 0.0, 0.0,0.0,NaN, 149.18176599919568,149.18176599919568,0.0, 77.07892570564415, 7.944095403707582, -15.656457295012943, 7.944095403707582, 121.46810729903552, 1.9049124049983472, -15.656457295012943, 1.9049124049983472, 128.07328517615406, 4.899213365702466, 3.2568713000964378, 5.0, 0.0
234, 0 ,1.0,1.0,1.0,154.8730922062675,85.89682109636051,167.22092025647973,10.327408681436259,9.546180389040753,10.64163132004999,48.0,45.0,46.0,-0.3772733629926483,0.4288424592365853,-0.8208282126804214,11.373300586385271,-0.8908476207636049,-0.4102717660052536,0.19510918635152658,10.247181465680365,0.2530915371086947,-0.8048423592075955,-0.53681789339506,8.756286486092458,54.8149671556105,49.419876272577625,43.53692171341274,16.95756910044035,4.844594663041006,44292.0,117939.29595487242, 0.0, 0.0,0.0,NaN, 214.64008772306914,214.64008772306914,0.0, 106.65537007340501, 1.8320697051982817, 11.38909493275703, 1.8320697051982817, 91.12956002010625, -20.81139696622162, 11.38909493275703, -20.81139696622162, 113.2443171518689, 4.941770007046087, 3.3077967208356553, 12.0, 0.0
235, 0 ,1.0,1.0,1.0,64.47738078291815,151.18906761565836,176.7355160142349,8.772596087115526,8.569889192262387,10.615378549275107,43.0,42.0,52.0,0.18554561542252923,-0.2886028954776981,0.9392982451380201,10.829679365247163,0.8022481220641428,-0.5074929761311615,-0.3144023374946402,8.98676468040257,-0.5674246868457802,-0.8118862284208461,-0.13736803434039008,8.064974274276956,51.68839981257838,44.256918944620175,39.60187795239119,15.61026269238421,4.405383444662644,35125.0,90592.04105321929, 0.0, 0.0,0.0,NaN, 203.70606088675777,203.70606088675777,0.0, 76.95844210767464, -9.19670564496397, 5.139640355112049, -9.19670564496397, 73.44300076765568, -11.6529982021504, 5.139640355112049, -11.6529982021504, 112.68626174441006, 4.981418264930358, 3.3523142424770414, 12.0, 0.0
236, 0 ,1.0,1.0,1.0,64.01845198746874,90.4052251889748,230.93349236915472,9.218339726245965,10.363415888261315,8.42116332587403,46.0,49.0,43.0,-0.2804648114203908,0.9583817090125724,0.053329066981006146,10.468147872713619,0.9564296137690839,0.28372547315887303,-0.06886399484705201,9.108481567253769,0.08112880783325786,-0.03169157160687608,0.9961996591189141,8.411159943586672,50.4932493510557,44.17798642229014,43.897606235668746,15.610672914149143,4.427308336907566,34793.0,97921.95495214038, 0.0, 0.0,0.0,NaN, 130.5436686042747,130.5436686042747,0.0, 84.97778730848452, -7.123218882284412, -1.3854885207081142, -7.123218882284412, 107.40038887306704, 1.7461182159424737, -1.3854885207081142, 1.7461182159424737, 70.91599176104576, 4.753602559056741, 3.3429254545000293, 11.0, 0.0
237, 0 ,1.0,1.0,1.0,76.6221253745282,95.38912019922954,83.26092454959337,13.002570123585569,7.884319167516344,11.917795451156497,59.0,39.0,56.0,-0.9945073020299777,-0.10200812747628406,0.023442869658760704,13.045612350024903,0.031214242079443316,-0.075267297055532,0.9966747238118162,11.93808085392886,-0.09990444084454583,0.9919320419881285,0.07803798291090125,7.7818629458226205,59.25843116920048,56.14783354408761,39.874775078847875,18.476933839188202,5.645005125940084,51398.0,132672.64874373627, 0.0, 0.0,0.0,NaN, 147.99464823481307,147.99464823481307,0.0, 169.06682981876003, 10.92922861802862, -0.00611547915869496, 10.92922861802862, 62.162488735265626, -6.41058973095971, -0.00611547915869496, -6.41058973095971, 142.03384841560649, 6.007747426037636, 3.894607166047448, 12.0, 0.0
238, 0 ,1.0,1.0,1.0,150.54753937811148,288.39349547049704,114.62197012976414,8.154833570446371,6.728085879782683,11.074088378533636,35.0,26.0,52.0,-0.16519951067094274,-0.126467501347195,0.978118138456229,11.196202013693553,-0.9551681432824974,-0.22653930982085782,-0.1906141630733565,8.143292739962432,-0.24568870493441036,0.9657566526868386,0.08337354531723824,6.53725687141201,51.76560477172612,38.23302676929302,30.553252743533704,14.549850835132148,4.765052387790669,24506.0,60469.6459391904, 0.0, 0.0,0.0,NaN, 188.70332527477902,188.70332527477902,0.0, 66.5013105616791, 6.827882060592099, -9.057275573376984, 6.827882060592099, 45.26713960573112, -9.201895779046506, -9.057275573376984, -9.201895779046506, 122.63543341557376, 5.476614624829786, 3.528795562050372, 7.0, 0.0
239, 0 ,1.0,1.0,1.0,282.08080262396294,47.98437198533668,9.106193324329539,10.24774116992038,11.43513726603384,5.784388084584197,40.0,51.0,24.0,0.43885723942325755,0.8918130492956177,-0.10988088328663298,11.85153645505409,0.8979610819460063,-0.43972693396371826,0.017496252662388693,9.83093695337675,0.03271419747076486,0.10634711398491545,0.9937907589784297,5.668462857340783,58.374025529574396,48.0710105374589,25.319476232482458,15.509892881175443,5.355458122911684,25915.0,71048.94165229135, 0.0, 0.0,0.0,NaN, 52.02422845452493,52.02422845452493,6.743495761743046E-7, 105.0161990856811, 16.922466720536587, -4.210162794564771, 16.922466720536587, 130.7623642930359, -11.111711043937646, -4.210162794564771, -11.111711043937646, 33.45914551307964, 4.579947217249535, 3.2535408193506847, 7.0, 0.0
240, 0 ,1.0,1.0,1.0,261.24513092675113,49.46923346517799,47.29787713413108,8.5768701515347,9.785652346021774,11.131171682559296,41.0,51.0,51.0,-0.13899296780063916,-0.01626168093965147,0.9901598419623912,11.17631950303026,-0.10987212764852354,-0.9934388592714861,-0.03173875321047085,9.800833094330589,0.9841793893736839,-0.11320243205154903,0.13629430989464436,8.500484073472405,52.68951606301287,52.12303121831082,44.072971172834684,16.447225813659035,4.765861883710285,39946.0,121039.24424082172, 0.0, 0.0,-7.105427357601002E-15,8.044432990213348, 78.6526167264148,78.6526167264148,0.0, 73.56270159628689, 2.716599056450638, -7.163240697376762, 2.716599056450638, 95.75899183720145, -0.09741673764965753, -7.163240697376762, -0.09741673764965753, 123.90298302660996, 4.7725744784014115, 3.37476459941945, 13.0, 0.0
241, 0 ,1.0,1.0,1.0,253.82357210792412,242.86992541422637,82.72836261700957,10.33753250344179,9.522444725805896,9.78985139601041,48.0,47.0,48.0,-0.8126766444824205,-0.5170273809510851,-0.2687738061263702,11.192381726418906,0.013687415556909194,0.4441796659991482,-0.895833175858239,9.851943146359968,0.5825541401176091,-0.7317015181477674,-0.3538976718941318,8.42926626123093,50.26922426035691,47.8759743790002,40.395818301447356,16.450551142907422,4.770963138225663,39954.0,97220.13490262485, 0.0, 0.0,0.0,NaN, 110.63493976289573,110.63493976289573,0.0, 106.86457825971551, 22.938757176875445, 11.523482707295956, 22.938757176875445, 90.67695355602852, -2.8148045121737404, 11.523482707295956, -2.8148045121737404, 95.841190355967, 4.975418011352674, 3.2781919733429707, 10.0, 0.0
242, 0 ,1.0,1.0,1.0,164.69127588510355,92.2684034736139,88.75080828323313,9.261599997358092,9.68980606993136,9.5444787791154,43.0,46.0,49.0,-0.09366934770218949,-0.804978137954285,0.5858636792946786,9.886262746244986,-0.5535764241285345,-0.44699155123428885,-0.702674672785514,9.419264164621216,-0.8275138645062763,0.39013939885740334,0.4037475120778736,9.181825682195088,47.10914817867358,45.85970817798025,43.38104674170861,15.858574526237891,4.390018831928027,37425.0,93720.924756011, 0.0, 0.0,0.0,NaN, 186.27564272362065,186.27564272362065,0.0, 85.77723451106341, 2.1056815961024595, 0.9808640989840142, 2.1056815961024595, 93.89234167287862, -4.947544935339429, 0.9808640989840142, -4.947544935339429, 91.09707516498418, 4.660883659251786, 3.2985239889246682, 14.0, 0.0
243, 0 ,1.0,1.0,1.0,289.2400323275862,25.197698583743843,101.55260929802955,6.314287346254911,8.43659209304151,12.451052693371723,25.0,38.0,53.0,-0.03799123918311685,-0.2016688845503413,0.9787166733787425,12.602598392916367,-0.19304048800110815,-0.9594935313945342,-0.20520120176144255,8.287009208544422,-0.9804550146425005,0.19672779218063563,0.002477911642373836,6.2108788535058785,53.82725591812412,38.367625681108635,27.21671225836218,15.41426901575464,5.33622851070682,25984.0,56208.607534185394, 0.0, 0.0,0.0,NaN, 105.18380756307899,105.18380756307899,1.3486991523486091E-6, 39.87022469107489, 6.496380616271161, -3.278926423638069, 6.496380616271161, 71.17608614437053, -17.80837261252994, -3.278926423638069, -17.80837261252994, 155.02871317311926, 5.160785375221454, 3.403014275521408, 6.0, 0.0
244, 0 ,1.0,1.0,1.0,289.9381474710542,118.18521480804388,102.80095978062157,5.996969932041246,11.10866137620363,9.61939037725099,25.0,50.0,43.0,-0.005792254464782319,-0.9030248633417319,0.429549235798251,11.508900950688663,-0.06364168327180922,-0.4283527292138407,-0.9013676694475927,9.1475419932432,-0.9979560040094683,0.032558187322088206,0.054988894331072756,5.980497601036545,51.892251764622934,41.22987604358366,26.20929317708584,15.097953894737017,4.893921266155495,26256.0,56075.07388200201, 0.0, 0.0,0.0,NaN, 156.9618527138193,156.9618527138193,0.0, 35.96364836580678, 1.8118444869082406, 2.5078366348160306, 1.8118444869082406, 123.4023575711583, -19.006172585815065, 2.5078366348160306, -19.006172585815065, 92.53267122994895, 4.835777200921907, 3.3006254272345386, 7.0, 0.0
245, 0 ,1.0,1.0,1.0,104.0584554244024,69.45948751408743,117.56385313482413,9.16988397853515,10.825991531917706,7.890691074989545,46.0,50.0,40.0,0.3539070154285817,-0.9324044189189267,0.07329272822655519,11.09770607791255,0.935044574296196,0.35096916905581804,-0.0501227139280581,8.86005784007218,0.021011152031222613,0.08627074795506584,0.9960501440879344,7.86715738680163,49.25621734460299,44.55664679085062,40.29214451549376,15.58091376054068,4.55927591361554,33718.0,88428.84233456952, 0.0, 0.0,0.0,NaN, 171.68005741768175,171.68005741768175,0.0, 84.08677217979563, -14.766701758416069, 0.8108027009686714, -14.766701758416069, 117.20209264915388, -4.479055003791208, 0.8108027009686714, -4.479055003791208, 62.26300564091965, 4.703652965284637, 3.332260352790666, 9.0, 0.0
246, 0 ,1.0,1.0,1.0,122.6075608736545,137.62075451980354,131.49166579579892,10.288771521120074,9.662637891719159,8.635130615993274,45.0,46.0,38.0,-0.9703229166045256,0.23951325465087858,0.03326918031196686,10.331073515451251,-0.23618862230604434,-0.9682422863134855,0.08198664334883034,9.625628907392262,0.05184951499541355,0.07169571703371727,0.9960779848755628,8.625952663391963,45.27458566913588,46.17874903721378,37.0226181338239,15.957694497688346,4.375255137019498,38276.0,77404.06625611776, 0.0, 0.0,0.0,NaN, 226.41144898556036,226.41144898556036,0.0, 105.85881941381147, -3.3397075545520107, -1.396794024488039, -3.3397075545520107, 93.36657102648687, -1.1908239969741474, -1.396794024488039, -1.1908239969741474, 74.56548075526437, 5.0502779573079115, 3.323749582081526, 9.0, 0.0
247, 0 ,1.0,1.0,1.0,12.655669555987972,111.8906185506221,133.2638716905478,8.120625552934058,9.472262203285727,10.934732783544424,33.0,43.0,49.0,0.22488913201547253,0.06789175318366372,0.9720162489130393,11.08118502033696,0.05736147484083585,-0.9967619947577905,0.056348797773821346,9.466815377875246,0.9726944738742026,0.04308405338543897,-0.22805531091923528,7.92612369399864,51.226704477109195,43.72321325133156,38.329944095446876,15.861582170005088,4.862808111621738,33918.0,85851.26021871602, -1.7763568394002505E-15, -1.4210854715202004E-14,0.0,83.56889275462572, 174.4675786199429,174.4675786199429,0.0, 65.94455937096558, -0.6165300414907622, 13.19564117795601, -0.6165300414907622, 89.72375124779536, 2.4523841020087676, 13.19564117795601, 2.4523841020087676, 119.5683810475212, 5.122459059355675, 3.4033075468113694, 4.0, 0.0
248, 0 ,1.0,1.0,1.0,291.35084093211753,255.41726443768997,123.62018237082067,5.212244060665946,11.968672118223392,9.928258053192673,23.0,51.0,45.0,0.03913579747302084,0.9904475522079361,0.13221964937730485,12.007495875068232,-0.07792930854579506,0.13494332495156236,-0.9877840461966323,9.912369815886208,-0.9961904497764095,0.028353930526891967,0.08246600753008017,5.15285123359853,48.77059514784969,45.29334037831231,23.91235557142079,15.5257849013857,5.285537965825734,24675.0,52821.99092825852, 0.0, -2.8421709430404007E-14,0.0,7.925766769965336, 131.69805523315583,131.69805523315583,0.0, 27.167488147947427, 3.805460659084829, 6.12818971492633, 3.805460659084829, 143.24911227353803, 5.8465087055736635, 6.12818971492633, 5.8465087055736635, 98.57030797078518, 4.6382802077158605, 3.477540586547457, 10.0, 0.0
249, 0 ,1.0,1.0,1.0,211.1790456196096,284.91321493418064,154.4536711302769,10.068933768408234,8.647598914760735,10.087016921599895,43.0,35.0,42.0,0.7022835472382448,-0.0574416352831388,0.70957612545411,11.78628934215834,0.2503104293709684,0.953018385728206,-0.17058911281827668,8.698444929088454,-0.6664401760297691,0.29741623190405114,0.6836673729039632,7.958187228153492,52.439404117886255,40.79832299911811,40.0482562236331,15.966643120581926,4.793601157770866,35248.0,85680.8311661971, 0.0, 0.0,0.0,NaN, 171.17390825741876,171.17390825741876,0.0, 101.38342723259164, -0.10770254906986879, 37.138727913550994, -0.10770254906986879, 74.78096699057105, -5.085316046654583, 37.138727913550994, -5.085316046654583, 101.74791037664262, 5.7262306880963445, 3.66989634376712, 8.0, 0.0
250, 0 ,1.0,1.0,1.0,108.84030095604457,84.51699949086384,144.17239916275386,10.9345980077733,8.657458259037979,8.682223792763644,51.0,44.0,42.0,-0.9931422649093978,-0.09218350569285726,-0.07190718273445654,10.967986097995722,0.01226288828105955,-0.6937975286827406,0.7200656989224861,9.109689910942572,-0.11626720613155646,0.7142458893629683,0.6901700850561876,8.161792558430998,51.56477256296881,42.89408333858045,40.07762575994397,15.773900793657745,4.591522714533958,35354.0,88644.64055785869, 0.0, -1.4210854715202004E-14,0.0,84.71076492486496, 199.43674434638532,199.43674434638532,0.0, 119.56543359159981, 4.775357219138366, 3.978202344088586, 4.775357219138366, 74.9515835069849, -7.823078347480182, 3.978202344088586, -7.823078347480182, 75.38100998763112, 4.726826441376001, 3.227992887340936, 12.0, 0.0
251, 0 ,1.0,1.0,1.0,195.2154293604395,95.24231029113663,191.24580628103058,9.44337200303676,9.144930874937511,9.155893238763555,41.0,46.0,44.0,-0.7213825207589023,-0.5846857659844052,0.3711466203520667,9.964816018883663,-0.45175631152193935,-0.00891014588379075,-0.8920968805574997,9.04705211025816,-0.5249033184726728,0.811210924701806,0.25770786154251607,8.688538790776793,47.887260780219606,43.08599905609873,42.03051800798877,15.426851456223815,4.3185264434025274,34039.0,86720.32676135037, 0.0, 1.4210854715202004E-14,0.0,54.21920607873809, 178.54517233790816,178.54517233790816,0.0, 89.1772747877385, 10.066897929877328, -3.8114955627015186, 10.066897929877328, 83.62976070738536, -5.115644120154552, -3.8114955627015186, -5.115644120154552, 83.83038099963618, 4.475379181521427, 3.1635768132336235, 7.0, 0.0
252, 0 ,1.0,1.0,1.0,18.053499222395022,8.491474621801215,205.07213346529053,11.646352078608084,5.72153835255091,13.740812374621113,48.0,23.0,56.0,0.33769798554282293,-0.038246372717268606,0.9404771584330431,14.014574547248902,0.9265316209644585,-0.1625259160863914,-0.33929998814213436,11.443523347584463,-0.16582890554210544,-0.9859627485733178,0.01944820075113453,5.460853067611605,60.53177734336509,54.170819109944695,25.70912642134966,17.852770885675117,6.201775090790511,35365.0,84301.66424070961, 0.0, 0.0,0.0,NaN, 97.00172070771387,97.00172070771387,0.0, 135.63751673889885, -17.380796549821802, 21.11419548942944, -17.380796549821802, 32.736001119710984, -0.4151209320009875, 21.11419548942944, -0.4151209320009875, 188.8099247145407, 5.618900180002023, 3.7103534278791863, 3.0, 0.0
253, 0 ,1.0,1.0,1.0,146.71745382985165,201.30250277525482,274.0848975678676,9.116937420104524,9.274340769193937,11.154873687119496,46.0,45.0,51.0,-0.03628149574760595,0.2955583846573648,0.9546354771979964,11.326916601300962,0.7206543783852626,-0.6540698208207041,0.2298911403376016,9.658728288963008,0.692344509605202,0.6963030308352115,-0.18926481254906177,8.483694934872672,54.939325997595915,49.10611873394344,43.15467299544892,16.447087750878474,4.801713872744125,39636.0,116425.13945446264, 0.0, 0.0,0.0,NaN, 178.71429643655023,178.71429643655023,0.0, 83.11854792210214, -10.65239356695736, 1.580905436030739, -10.65239356695736, 86.01339670313278, 12.686927998820641, 1.580905436030739, 12.686927998820641, 124.43120697559091, 4.982520815634302, 3.2890539914374477, 7.0, 0.0
254, 0 ,1.0,1.0,1.0,179.86240825873054,7.5840793612388095,270.93830147592547,10.88999933563996,5.17380861743066,11.42031023290137,48.0,22.0,51.0,0.6528408328160518,-0.06090299149389841,0.7550428283449472,12.863273291743747,0.7554113827463793,-0.021537672951025898,-0.6548967639720454,9.170336791371675,-0.056147037546482065,-0.9979112957928419,-0.03194614067152931,5.121034105576453,58.7018600297377,44.421594920248296,23.284156589994495,15.642403071567077,5.576656086077206,24798.0,60716.47100708183, 0.0, 0.0,0.0,NaN, 123.83513851186868,123.83513851186868,NaN, 118.59208553023876, -6.477664376943842, 40.00469733994095, -6.477664376943842, 26.768295609799758, -5.586553696963612, 40.00469733994095, -5.586553696963612, 130.42348581571176, 4.500926582587228, 3.411503432315389, 6.0, 0.0
255, 0 ,1.0,1.0,1.0,133.5461702729822,48.08294954588726,283.30496307921885,10.742041731271637,10.081973649742253,8.749249548067606,51.0,50.0,36.0,-0.8809593257635813,0.39756418609223615,-0.2566191424796571,11.062478216104045,0.40323289829628994,0.9145189618174508,0.03253149562971278,9.89534657124418,-0.24761642934537034,0.07481835612434795,0.9659649670174894,8.560999523305043,53.2346285969582,51.832597611267104,40.72021189570185,16.424751798001648,4.8800152928945995,38867.0,112358.83614334934, 0.0, 0.0,0.0,NaN, 142.91701749406522,142.91701749406522,0.0, 115.39146055638135, -8.110758560220605, 11.420362872213836, -8.110758560220605, 101.64619267409712, -4.275380167427078, 11.420362872213836, -4.275380167427078, 76.54936765436122, 4.458105498251285, 3.2238434166800825, 10.0, 0.0
256, 0 ,1.0,1.0,1.0,115.85049587542868,56.458738838940896,15.01606574597584,10.092181103630134,9.26967082603682,8.306848224967062,47.0,41.0,33.0,-0.905609359166292,-0.326467797595758,0.27072211901393145,10.186415804718385,-0.4180597813889155,0.7946187374287838,-0.4402352567799834,9.702491061284496,-0.07139823369993106,-0.511859198667037,-0.856097221677812,7.673411519217751,44.44341559859183,49.04200088506134,39.628601721069074,15.383819329027183,4.485615558207263,32367.0,86374.2636144106, 0.0, 0.0,0.0,NaN, 129.7474809634234,129.7474809634234,0.0, 101.85211942846915, 1.5570747131842324, -4.514729751142473, 1.5570747131842324, 85.92679722307814, -16.300353576057688, -4.514729751142473, -16.300353576057688, 69.00372743263844, 5.387193150409759, 3.3364861984630347, 4.0, 0.0
257, 0 ,1.0,1.0,1.0,150.28503583210102,34.06921851893983,65.82029916960528,8.429470254455502,10.437674255082957,9.740060122982095,35.0,47.0,46.0,0.16582086994011588,0.836661613159073,0.5220160765324776,10.761080069737211,0.3828720401155476,-0.542440131167045,0.7477751700860615,9.668673345717357,0.9087972491100874,0.07586863097181504,-0.4102822331571292,8.098499570401726,50.853140334752936,44.818741106600825,38.32458916462275,15.901628293450926,4.691268638887679,35164.0,87348.39688001007, 0.0, 0.0,0.0,NaN, 167.05566117035033,167.05566117035033,0.0, 71.05596877075011, 1.1727398130095121, 12.333811324736724, 1.1727398130095121, 108.94504385522154, 10.615612325707646, 12.333811324736724, 10.615612325707646, 94.86877119930598, 5.116010787875094, 3.290780516812056, 11.0, 0.0
258, 0 ,1.0,1.0,1.0,24.196407643921457,161.79471909306164,75.7056277056277,9.36000270195867,11.017378469981564,9.449385016003344,49.0,51.0,47.0,0.05361008676093017,0.9543712263882288,0.29377120491926123,11.15930439362765,0.7309560777372921,-0.2379395317760575,0.6395998683842146,9.77856068003739,0.6803154937353696,0.18044484326358462,-0.7103594072884379,8.839277831890167,50.913318068316016,44.813256665922324,42.76901891688838,16.619002818819805,4.700202274392111,41811.0,97581.43388654703, 0.0, 2.8421709430404007E-14,0.0,17.374902617824915, 159.4286921471153,159.4286921471153,0.0, 87.6096505806736, -0.6676050128488265, 8.906421403013251, -0.6676050128488265, 121.38262835081329, 10.346903986926907, 8.906421403013251, 10.346903986926907, 89.2908771806685, 4.66328744401287, 3.2548023777149804, 11.0, 0.0
259, 0 ,1.0,1.0,1.0,269.21492091260296,154.6315693563671,81.78343902616808,10.068604621056718,12.574896307812727,10.419212872906321,48.0,55.0,46.0,-0.016504595532776837,0.986024455839499,0.1657810930495964,12.637369618630458,-0.6571471850580152,0.11426633146769637,-0.745050859111807,11.176026807710933,-0.7535815652579527,-0.12123934171437098,0.6460772759693995,9.135541963878559,52.96335668749364,52.417480932395904,41.03623473529123,18.422674152571492,5.354427152043352,54876.0,113925.03039065453, 0.0, 0.0,0.0,NaN, 169.6120061232605,169.6120061232605,1.9073486328125E-6, 101.37679901516468, -4.352936237863357, 20.08340841397645, -4.352936237863357, 158.12801715224214, 8.93489996047576, 20.08340841397645, 8.93489996047576, 108.5599968909368, 5.392873442292374, 3.611913845040549, 11.0, 0.0
260, 0 ,1.0,1.0,1.0,129.90514005645687,88.74479635201787,105.55805440952942,8.682109995632496,7.891078149334528,10.819099231701275,47.0,35.0,55.0,-0.07187159746382353,-0.004840928783761839,0.9974021450180007,10.829402251974445,-0.9276779252738335,0.3676689970016779,-0.06506285886291384,8.805985948886295,0.36639888159986694,0.9299441241560112,0.030915780922950914,7.738198424278972,54.28698612506321,48.773572283041474,38.4752799535144,15.317769999090283,4.4796181506383945,32237.0,101873.70130581027, 0.0, 0.0,0.0,NaN, 189.45576566410952,189.45576566410952,2.6973983046972182E-6, 75.3790339762617, -6.005410328365848, -3.048189025519078, -6.005410328365848, 62.269114358904844, -0.6997203949747725, -3.048189025519078, -0.6997203949747725, 117.05290818539912, 4.694670769150974, 3.216272734911564, 10.0, 0.0
261, 0 ,1.0,1.0,1.0,278.7731489104781,92.93347604149514,124.36879082276744,10.54521555643221,8.438059893419151,9.473600860221609,46.0,36.0,41.0,-0.9641038886585174,0.26285554567051694,-0.03755867388206645,10.694848537841013,-0.07252300689542461,-0.12460624268841197,0.9895522713600948,9.494813991820616,0.25542925702505365,0.9567550608140678,0.1391964376781885,8.223153967226184,49.08023387186503,42.574579086292786,39.866814938720665,15.865966087357792,4.519143643451852,36438.0,83304.5123937985, 0.0, 0.0,0.0,NaN, 156.699732951429,156.699732951429,0.0, 111.20157113161989, -11.646190434189608, 0.07622330921000367, -11.646190434189608, 71.20085476492882, -3.2398334443606376, 0.07622330921000367, -3.2398334443606376, 89.74911325879161, 4.533693308076231, 3.1924392278319886, 3.0, 0.0
262, 0 ,1.0,1.0,1.0,86.63465860445206,145.10346211472603,148.3357234589041,9.974006058488484,9.514353724663065,9.050084998211883,49.0,44.0,42.0,-0.8243029241190288,0.5563564213980184,-0.1048437964688868,10.301853403645342,-0.4997427111966452,-0.6280064188824193,0.5965443491043277,9.346985851633576,0.2660487021104311,0.5441281744328912,0.7957025938714064,8.855136027571646,48.69839410897545,44.55936852173842,41.7069998703073,15.892591804811826,4.3969634810059635,37376.0,90502.92555932689, 0.0, 0.0,0.0,NaN, 224.86454954764696,224.86454954764696,NaN, 99.48079685476498, -9.900423395318585, -0.27377718773177245, -9.900423395318585, 90.52292679800993, -4.9706025956653015, -0.27377718773177245, -4.9706025956653015, 81.90403847485979, 4.352585911812191, 3.1304807211082215, 9.0, 0.0
263, 0 ,1.0,1.0,1.0,217.31684131528476,201.64413375211942,215.41976818522946,10.885868610983836,8.91949279748681,8.727425679882632,51.0,44.0,45.0,-0.9707413513333853,0.23474457588939682,-0.05055900416286087,10.989383820486637,-0.2051366488093454,-0.701250544310813,0.6827639631813176,9.332642766814642,0.1248206077805433,0.6731587169414769,0.7288876166316725,8.146328523386833,49.964330978392695,44.422729162589036,39.84132831884773,15.900768821150615,4.625256433347191,35977.0,88429.89767554814, 0.0, 0.0,2.8421709430404007E-14,87.10194687621764, 153.83171574578859,153.83171574578859,0.0, 118.50213541560315, -9.41450039304025, -0.2340922684890706, -9.41450039304025, 79.55735176441908, -10.57363615433485, -0.2340922684890706, -10.57363615433485, 76.16795899787482, 4.3677870180766085, 3.0318696381508676, 11.0, 0.0
264, 0 ,1.0,1.0,1.0,174.96752491274216,291.41681420405683,21.478071728463757,10.112231630027434,4.987360477069055,10.115246539743094,45.0,19.0,41.0,-0.7053858478090538,0.06178962339095698,0.7061252354589137,11.629013174361182,0.7075323598694884,0.0012765597091613026,0.7066797932110571,8.352516577323307,-0.04276406725530125,-0.9980883792713515,0.04461862520597633,4.944767440781813,50.54449806417391,36.774189064766134,20.467730557504183,14.31992179516213,4.9385266434209,19769.0,38044.04474857552, 0.0, 0.0,0.0,NaN, 127.15383781084417,127.15383781084417,NaN, 102.2572285393273, -4.787617243208847, -32.523247405044565, -4.787617243208847, 24.87376452823047, 4.874484746697295, -32.523247405044565, 4.874484746697295, 102.31821255978464, 4.908257555217493, 3.2822717744917758, 4.0, 0.0
265, 0 ,1.0,1.0,1.0,288.6818869931672,12.056462501534307,36.13342334601694,6.844038915620519,7.722187435410089,11.98831978377369,28.0,27.0,56.0,0.03785450003930037,-0.21529066751107268,0.9758160509590991,12.172344861996548,0.011255508282873354,-0.9763621501987656,-0.2158477824591587,7.43858252641536,-0.9992198708793119,-0.019154115533714086,0.03453649516167437,6.833327832212318,57.367678650477984,34.132298223896385,28.925728697608974,14.903394074415857,5.299217278695715,24441.0,56639.20081952695, 0.0, 0.0,0.0,NaN, 39.737667933446005,39.737667933446005,0.0, 46.840868678528096, -0.9218937052727176, 3.7272765645956545, -0.9218937052727176, 59.632178787605454, -19.497120584980447, 3.7272765645956545, -19.497120584980447, 143.71981123801967, 5.9863385336632025, 3.4751924574683173, 8.0, 0.0
266, 0 ,1.0,1.0,1.0,58.02166198660783,236.84506433795167,100.87860647390995,9.813955478640787,8.87606988113123,8.669117108574149,44.0,43.0,43.0,-0.9549686995552332,-0.22031930137393363,0.1987314477174877,9.927174453677516,0.09591023361853782,-0.8630525727265572,-0.49592487717123956,8.902463023876214,0.28077750970657245,-0.45453235545137277,0.8453190686899255,8.511714844166882,49.5399484104194,40.878856829257415,41.69564839859392,15.220296240972866,4.3121354861281205,32407.0,84439.37772855062, 0.0, 0.0,0.0,NaN, 132.40676871777978,132.40676871777978,0.0, 96.31372213674354, 4.928032981601437, -5.2768778888723045, 4.928032981601437, 78.78461653472496, 1.7696634401673086, -5.2768778888723045, 1.7696634401673086, 75.153591442173, 4.7997308885048415, 3.2180641146097915, 10.0, 0.0
267, 0 ,1.0,1.0,1.0,237.0046997224325,108.52933383800152,233.4517726469846,8.323076516037586,9.231894733955642,9.610034925590737,37.0,41.0,42.0,0.28458324506397875,0.5752638729298275,0.7668662550475347,10.067277006580587,-0.21538118314700339,-0.7411245833189061,0.6358815125057304,8.931143635112617,-0.9341430953419568,0.3461297856327215,0.08701062534422967,8.107950504504156,49.98714305418093,44.22611531729257,37.90801618915967,15.110135805459713,4.305583616917081,31704.0,83804.65978954773, 0.0, 0.0,0.0,NaN, 142.0411585569827,142.0411585569827,0.0, 69.27360269181636, 8.068891283690926, 5.850671394006968, 8.068891283690926, 85.22788037883791, 9.099683050665627, 5.850671394006968, 9.099683050665627, 92.35277127107375, 4.835584449435864, 3.180220726986827, 5.0, 0.0
268, 0 ,1.0,1.0,1.0,7.146451768101997,152.6971373586721,225.63752706278567,4.843413850289864,10.029738028508648,10.363313861061892,20.0,51.0,51.0,0.03549759516064771,0.020809496769225735,0.9991530841577895,10.368289513035144,0.05081646124762577,0.9984522592882558,-0.022600291777895347,10.039884897722713,0.9980769549509092,-0.051575679989594454,-0.03438518910129265,4.811638041554515,50.90906690013102,51.0961148992218,21.26812158964635,14.424414872481433,4.836200204199895,20785.0,55323.818934813375, -8.881784197001252E-16, 0.0,0.0,87.96571023407755, 165.16350231374258,165.16350231374258,1.9073486328125E-6, 23.458657725179684, 4.001968433014215, 2.902495435212002, 4.001968433014215, 100.59564492051256, 0.0016469983274564873, 2.902495435212002, 0.0016469983274564873, 107.39827418287753, 4.892181439133886, 3.3703204620531113, 7.0, 0.0
269, 0 ,1.0,1.0,1.0,153.8294220665499,42.978914185639226,12.669912434325743,9.152529791944678,9.7474830490355,7.572119694302392,43.0,45.0,30.0,-0.37708863727623443,-0.9213400651190096,-0.09453382486524028,9.918509370150009,0.8966612521596339,-0.33760234131049743,-0.28639702864587846,9.117937666783149,0.23195421641494285,-0.1927618830271429,0.9534359432804912,7.389560787179101,46.99537274162974,41.79341156508629,34.170753612493016,14.751602836102787,4.302259617270143,28550.0,67114.67310824161, 0.0, 0.0,0.0,NaN, 152.88411166327526,152.88411166327526,3.3036247397782844E-6, 83.7688015924349, 6.570483785781515, -5.766498299293671, 6.570483785781515, 95.0134257912344, 6.5710083112245155, -5.766498299293671, 6.5710083112245155, 57.33699666484216, 4.796814723315465, 3.3639611241142666, 8.0, 0.0
270, 0 ,1.0,1.0,1.0,121.94779349254193,206.73324831903548,12.194721384960198,8.918087514380444,9.070942655677065,7.600143686384094,41.0,42.0,30.0,-0.6779212608661598,-0.7069878614547388,0.2014719033048812,10.046678523954029,-0.6242446809615513,0.6983636620860505,0.3501525007321407,7.9917001274826465,-0.3882542238750885,0.11160806079049966,-0.9147689863619864,7.400908683339422,46.731082354151994,35.250746867792714,35.24455267347125,14.233186614636741,4.122240704197357,25878.0,58058.54739982728, 0.0, 0.0,0.0,NaN, 154.008644356332,154.008644356332,0.0, 79.53228491414836, 18.160314494126943, -8.292678391255798, 18.160314494126943, 82.28200066258168, -4.351527872309261, -8.292678391255798, -4.351527872309261, 57.762184053683995, 5.984078099733343, 3.5014969547062367, 3.0, 0.0
271, 0 ,1.0,1.0,1.0,49.49871612694139,209.00747887218608,14.878842270585595,11.165387297552902,9.79565319606668,9.035935114157754,53.0,43.0,37.0,-0.960356841410662,0.2685021268154101,-0.07497562971618121,11.341118703886973,-0.16214584697373546,-0.7567755132887541,-0.6332452501169765,10.721442820742729,-0.22676741711477516,-0.595984421257925,0.7703110463656547,7.661495207537844,53.85948669054881,53.50773218463456,38.16619565272072,16.667016696396654,4.947663374899356,40113.0,109991.1206823366, 0.0, 0.0,0.0,NaN, 104.64770301695184,104.64770301695184,1.9073486328125E-6, 124.6658735043557, -11.127629816719498, 10.810379686808114, -11.127629816719498, 95.95482153761138, 25.549157313558805, 10.810379686808114, 25.549157313558805, 81.6481233872691, 4.9855160583512275, 3.0968206506897507, 5.0, 0.0
272, 0 ,1.0,1.0,1.0,239.45740489772763,25.63957263071638,28.256957357622365,9.569962770158108,8.943997326243663,9.108515169250676,46.0,46.0,49.0,-0.792136544463954,-0.11002857441536791,-0.6003444076001943,10.370540916464599,-0.22041029905308682,-0.865670767908906,0.44948128065508347,9.241672535485701,0.5691563888739503,-0.48837263887335775,-0.6614780197435424,7.847782746057551,51.27105309026226,43.72761592892285,38.12188442193289,15.289719831754274,4.557278974233204,31729.0,85467.77498695372, 2.8421709430404007E-14, 0.0,0.0,37.61437443467473, 71.56290341730109,71.56290341730109,0.0, 91.58418742221227, 8.550880343232162, 19.496762515958014, 8.550880343232162, 79.9950881718538, -6.232829136065745, 19.496762515958014, -6.232829136065745, 82.96504858846968, 4.458007798594003, 3.1148498640126174, 13.0, 0.0
273, 0 ,1.0,1.0,1.0,61.164011673047575,225.29600278439668,49.143610612835,10.026218293291246,8.956759384925034,9.79096626175002,44.0,40.0,46.0,-0.8687605202649105,0.39443613035790354,0.29945834016992245,10.474532121827615,-0.13982115408751172,0.38472341008830346,-0.9123803716650549,9.837668208302878,-0.47508441702362614,-0.8345106570909149,-0.2790819949459508,8.373534100667783,49.02274635151084,44.57354553306598,40.02311667005242,15.998400416975812,4.545634871063505,37351.0,87455.21730917045, 0.0, 0.0,0.0,NaN, 108.3365957929061,108.3365957929061,0.0, 100.52505326472802, -15.003970792139794, -6.900692313839616, -15.003970792139794, 80.22353867944267, -4.681902999531594, -6.900692313839616, -4.681902999531594, 95.86302033872715, 4.977663423048088, 3.252122386007666, 6.0, 0.0
274, 0 ,1.0,1.0,1.0,56.398949967186475,272.4150442201319,88.39460608144005,9.618555507015092,10.059392360325532,7.8030226438461785,40.0,49.0,35.0,-0.6256727686438945,0.7795991019852002,-0.02754681036622143,10.836401804286206,-0.7620898769254827,-0.6033167715013008,0.23500615462780777,8.791198266734037,0.1665911344135268,0.16803009673601896,0.9716034584776332,7.738370374433975,54.95094894617469,41.83901853158761,36.09131956445887,15.30121673726527,4.524147813689413,31999.0,82977.32800818786, 0.0, 0.0,0.0,NaN, 108.4222197110511,108.4222197110511,0.0, 92.51661004153036, -20.067578815406875, -2.124958318561941, -20.067578815406875, 101.19137465897568, -3.7032333312792747, -2.124958318561941, -3.7032333312792747, 60.88716238037621, 4.902629131275049, 3.2177185654647356, 5.0, 0.0
275, 0 ,1.0,1.0,1.0,277.062952778806,59.51464755962139,78.81756649569034,11.72202307205273,9.2939718062961,8.226798775697443,50.0,41.0,39.0,0.9851730586073244,0.12916663375670528,0.11291601001740473,11.799767385856306,0.12757298116314075,-0.9916013518190893,0.021257787930640575,9.245642384571305,0.11471346508339114,-0.006537567935887605,-0.99337710922592,8.169916858211025,53.890724409552945,40.458474457228455,39.96729272587544,16.34629624931976,4.92570338766626,37822.0,87142.14701672608, 0.0, 0.0,0.0,NaN, 101.39186455369978,101.39186455369978,0.0, 137.4058249017365, 6.854149018046153, 8.114387768329602, 6.854149018046153, 86.37791193622678, 0.6623147417214112, 8.114387768329602, 0.6623147417214112, 67.68021809581694, 5.016092793016965, 3.344945778167199, 6.0, 0.0
276, 0 ,1.0,1.0,1.0,279.16327450045054,273.51160756877084,99.00720835320931,9.881983772013342,11.251748997905533,8.092498129747684,38.0,54.0,40.0,0.08211835428279589,0.9955289114770605,0.04667721396124414,11.265303138102059,-0.9904386197492718,0.08672859930089566,-0.10728229384414728,9.89251479579576,-0.11085087459755301,-0.03742106995535131,0.9931322908476767,8.060712188374103,54.393035906744274,40.40295508584518,38.683151016231236,16.309424680514507,4.873053596338534,37734.0,85011.6162758218, 0.0, 0.0,1.4210854715202004E-14,87.32462053754166, 104.58599987106386,104.58599987106386,0.0, 97.65360327033505, 2.238060787851881, 3.731822476702352, 2.238060787851881, 126.6018555118682, 2.5718938554430957, 3.731822476702352, 2.5718938554430957, 65.48852597996975, 4.658890233449225, 3.0385788998808194, 7.0, 0.0
277, 0 ,1.0,1.0,1.0,129.30134242233981,246.17128591502976,124.852303644572,9.294431412370232,8.901576785803837,9.417003385430814,47.0,45.0,46.0,0.6469777670386359,-0.2078007689137203,0.7336474694269501,9.709204055169751,0.6125958125353925,-0.4312571002942913,-0.6623772972482239,9.077636799576625,-0.4540331919824838,-0.8779727523588795,0.15171587488977767,8.810921862329682,45.72891479048468,43.16116404198347,45.86412411121748,15.354553776944757,4.306060336889932,33447.0,90522.62683149918, 0.0, 0.0,0.0,NaN, 187.6285301802928,187.6285301802928,0.0, 86.38645527925449, -3.4970966226443307, 5.960493663597901, -3.4970966226443307, 79.23806927356178, -1.1733443232503564, 5.960493663597901, -1.1733443232503564, 88.6799527612154, 5.010743020479678, 3.2641704517549823, 8.0, 0.0
278, 0 ,1.0,1.0,1.0,44.03289977046672,140.9597728209052,130.90327232064033,10.209934014310045,8.709547535649445,8.923650703527423,48.0,42.0,41.0,-0.8883507039107291,-0.2792552533937823,0.3644852950576843,10.424276403829802,-0.4573946941465937,0.6078425946930875,-0.6490897271127615,9.374324129247892,-0.04028797125516306,-0.7433329560356846,-0.6677072680774068,7.949026437698265,49.02765432850028,42.9576489369006,38.0198475881474,15.504139513663489,4.3991102136383455,33982.0,80074.08624675924, 0.0, 0.0,0.0,NaN, 197.34290086083382,197.34290086083382,0.0, 104.24275257656525, 4.417484962222009, -7.395028499042921, 4.417484962222009, 75.85621827573732, -14.370673495900315, -7.395028499042921, -14.370673495900315, 79.63154187856547, 4.834659735686811, 3.1835223605523693, 6.0, 0.0
279, 0 ,1.0,1.0,1.0,157.8359864781807,151.5381991395206,133.44849416103258,8.87159590409161,8.766768143255737,9.691486636274153,43.0,37.0,44.0,0.3591298152548327,-0.02108624083148497,-0.9330493803881053,9.81388683255297,0.6483680013484806,-0.7134655261550491,0.26568002901173426,9.521450269292565,0.6713007601830991,0.7003729816575566,0.24255509877489193,7.906703535065114,44.77869265143018,44.113553627838726,37.006336841702534,15.21041603922399,4.257886177190107,32540.0,73100.36607043682, 0.0, 0.0,0.0,NaN, 245.0714460095582,245.0714460095582,0.0, 78.70521388549504, -13.274112820908993, -6.476994058468615, -13.274112820908993, 76.85622367760365, -4.669498409408888, -6.476994058468615, -4.669498409408888, 93.9249132210805, 5.119022374747169, 3.3221421614396185, 10.0, 0.0
280, 0 ,1.0,1.0,1.0,222.01045274992404,161.39124886052872,147.45882710422364,8.989798743127263,8.542389484214828,9.79578430637557,38.0,40.0,46.0,0.45000416247335834,0.212245013504116,0.8674377833592959,9.9620823882871,0.6539379907199107,0.5831808922822475,-0.48193894962960554,9.353107915983465,0.6081622793711045,-0.7841250545158718,-0.12363875133073678,7.9386759928805475,45.36733160467185,46.00337962986566,40.938626579130464,15.226045904240593,4.232471599544641,32910.0,85440.98428921592, 0.0, 0.0,0.0,NaN, 216.88444172800646,216.88444172800646,0.0, 80.81648144193251, 12.786885760923075, 6.430542797816693, 12.786885760923075, 72.97241810002407, -0.20558668471540434, 6.430542797816693, -0.20558668471540434, 95.95739017703391, 5.481095291363979, 3.2855201089412436, 11.0, 0.0
281, 0 ,1.0,1.0,1.0,75.85418387820134,169.85262008733625,208.47908060899329,9.768531697075026,9.641084715794758,8.474547545463105,42.0,46.0,43.0,-0.710235103913142,-0.6836113128345735,-0.16805258145615798,10.155832292427883,0.696943070808228,-0.6491885622878607,-0.3046712435511709,9.377806674480444,0.0991788950426713,-0.3335112945002167,0.9375146736019144,8.313151901556624,49.51008249415179,45.666777583628146,43.93703566193858,15.50144514792339,4.460704029647243,33892.0,99340.14049505779, 0.0, 0.0,0.0,NaN, 176.26195390989616,176.26195390989616,0.0, 95.42421151675951, 8.00184847372878, 0.06265833735519928, 8.00184847372878, 92.95051449713128, 7.635046844149697, 0.06265833735519928, 7.635046844149697, 71.81795610031475, 4.6332251776489475, 3.1636230232790283, 9.0, 0.0
282, 0 ,1.0,1.0,1.0,270.32360256171114,166.39336566560965,219.76736305415656,9.043740251327456,8.296384687805228,9.88263556243118,43.0,39.0,47.0,-0.1432992432831541,0.24655154606680818,0.9584767404619382,10.004458395094378,0.9896727492520097,0.03214671743917971,0.13969408701106203,9.022514753583318,0.0036299121813125924,0.9685963677868875,-0.2486119467113433,8.17256153378828,45.90820226141,45.45618239330571,40.27270958113529,15.166098103811304,4.27494919115277,32166.0,84041.55813526546, 0.0, 0.0,0.0,NaN, 158.6464538978489,158.6464538978489,0.0, 81.7892377334804, -0.7114824104125763, -2.5529590881898723, -0.7114824104125763, 68.82999888804905, 7.93451331454814, -2.5529590881898723, 7.93451331454814, 97.66648565982943, 5.031065960350836, 3.31547371927005, 9.0, 0.0
283, 0 ,1.0,1.0,1.0,51.38940695725063,110.76786462699079,8.74931894383906,9.129816467282108,9.006082070372615,5.578403166819037,42.0,39.0,22.0,-0.738526881300998,0.6668564431151983,0.09940085448107575,9.561556075711053,0.6733228069539627,0.7371005001801298,0.05761293491776962,8.589938501805864,0.034848862699641964,-0.10947756350023802,0.9933781857170978,5.511011415552103,46.137346218795926,40.52318253283194,24.133625017675904,13.345220443050115,4.181714505141324,19088.0,45121.00008044481, 0.0, 0.0,0.0,NaN, 122.42116468741136,122.42116468741136,1.9073486328125E-6, 83.35354872625555, -8.520093135604682, -2.7976575707017837, -8.520093135604682, 81.1095142582871, 5.890624069580352, -2.7976575707017837, 5.890624069580352, 31.118581891576657, 4.976330040848665, 3.2498658654149835, 4.0, 0.0
284, 0 ,1.0,1.0,1.0,132.939578300677,208.71026811010705,41.058393725209505,9.730334969399305,9.71950450626754,8.077532914345797,43.0,47.0,38.0,-0.6708716659700118,-0.7264683799140197,0.14891239298231887,10.227688344263719,0.737288479249266,-0.631853554583305,0.23909576308823988,9.318305520797468,-0.07960468682763573,0.2701939646726816,0.959509413861861,7.934626506654059,46.87466122793438,46.481844863169535,36.16350268706307,15.359079617461779,4.300395069163983,33531.0,78793.7893677587, 0.0, -2.8421709430404007E-14,0.0,43.40886281709988, 166.41075182386712,166.41075182386712,0.0, 94.67941861671495, 9.176314550448152, 0.047696331373187455, 9.176314550448152, 94.46876784735502, -8.111917478142265, 0.047696331373187455, -8.111917478142265, 65.2465379823397, 4.432263261357805, 3.1914998697312162, 6.0, 0.0
285, 0 ,1.0,1.0,1.0,187.33802444187836,25.219784449576597,69.70631254811393,9.080094668661708,11.328729786840604,9.575912542903026,41.0,46.0,48.0,0.10125150779631004,0.8868333653967644,0.45085997181832765,11.864311013119917,-0.7515878043208306,0.36510820319775456,-0.5493739822324132,9.370308662030704,-0.6518158517289728,-0.2832359122299936,0.703500897979581,8.597777536472421,53.88416056922256,40.59012795796775,37.661571078460256,16.699285162785294,4.860063153542914,41568.0,82372.06906882908, 0.0, 3.552713678800501E-15,0.0,27.522012852864552, 134.8618859181394,134.8618859181394,0.0, 82.44811919185877, 2.1927157596949427, 8.78273196657175, 2.1927157596949427, 128.34011858324956, 23.94094323904034, 8.78273196657175, 23.94094323904034, 91.6981010293275, 5.340374942300404, 3.434840155984716, 7.0, 0.0
286, 0 ,1.0,1.0,1.0,121.68383631395926,35.81041977148534,72.11804520615996,8.712727557848945,9.173840658733923,9.834991680481588,39.0,40.0,49.0,-0.5374743168648295,0.5460409650713776,0.6426201235369178,10.273387632454362,0.3082559510966765,-0.5820913590570147,0.7524280153773123,9.574307134290155,-0.78492014073036,-0.6025022109296166,-0.1445387785362645,7.719338361277902,50.66310165413351,43.839680334960335,40.431198182420005,15.379970455030893,4.500504870195265,32208.0,89799.8817778232, 1.4210854715202004E-14, 0.0,0.0,57.48813039728527, 145.91214695374114,145.91214695374114,0.0, 75.91162149730043, -19.242874300390074, -8.431785446649046, -19.242874300390074, 84.15935243183966, 2.0751299065079363, -8.431785446649046, 2.0751299065079363, 96.72706135514206, 5.14930075148312, 3.277717546565177, 7.0, 0.0
287, 0 ,1.0,1.0,1.0,176.56908026421138,131.13560848678944,87.3345676541233,10.379731344933642,9.510093509155482,9.356240453385663,46.0,44.0,47.0,-0.9779866846472367,-0.15052739143078955,0.14451141505690393,10.4425630988479,0.020349505230731764,-0.7580443429029226,-0.6518854744736544,9.89209596081771,0.2076726806529239,-0.6345945781535792,0.7444204316705106,8.878020623765396,47.61867284666661,50.02418993016019,45.801438295789076,16.281829037876076,4.541143022281953,39968.0,109102.9436330284, 0.0, 0.0,0.0,NaN, 200.14761169535814,200.14761169535814,0.0, 107.73882279299795, 4.156339695956065, -4.524613222904178, 4.156339695956065, 90.44187855288122, 8.748414814718188, -4.524613222904178, 8.748414814718188, 87.53923542157034, 4.6774730547886785, 3.3123210319341725, 8.0, 0.0
288, 0 ,1.0,1.0,1.0,288.73125744567227,170.0282216653658,139.77406235878897,6.769046066090057,8.30108468151605,10.735777835212811,28.0,37.0,48.0,-0.0603486223131043,-0.36828507317027154,0.9277522021881047,11.15719437871571,0.28511401514545226,-0.8970841735483149,-0.33756478479956287,7.834349554080809,-0.9565918890271593,-0.24414358572181288,-0.15914102990224338,6.6426574442481074,49.50085752318188,34.131682715270614,32.75970365303863,14.44644919947221,4.613569419511903,24343.0,55349.07747536295, 0.0, 0.0,0.0,NaN, 191.1973750617451,191.1973750617451,0.0, 45.819984644849285, -2.6266020566559907, -6.159556506955095, -2.6266020566559907, 68.90800688970042, -22.23217273304427, -6.159556506955095, -22.23217273304427, 115.25692572704666, 5.638000264917477, 3.2473986223742943, 3.0, 0.0
289, 0 ,1.0,1.0,1.0,37.82232428403107,275.3531872941063,179.41659653257028,10.438002093721453,10.810693723413507,8.756964759287172,45.0,46.0,38.0,-0.3359633430610713,0.820000905769755,0.4633866060386397,11.61414586873754,0.9292900885424191,0.3687396905225525,0.0212361006344177,10.338111221005542,0.15345541194774376,-0.4377551315177388,0.8859017334749012,7.793746878568036,55.808942055406874,47.88629066748521,33.29866255240752,16.707640413243368,4.833442883399876,41587.0,88990.11695671476, 0.0, 0.0,0.0,NaN, 128.75694459948463,128.75694459948463,0.0, 108.95188770853342, -4.617892588641835, -10.632668098704894, -4.617892588641835, 116.87109878145222, 28.535023688403122, -10.632668098704894, 28.535023688403122, 76.68443179539743, 5.2122369574864695, 3.3046460143759764, 7.0, 0.0
290, 0 ,1.0,1.0,1.0,181.22935346861726,47.29469875727544,266.27091395312254,8.70694289588603,9.432769746566004,9.313490716520661,38.0,47.0,41.0,0.5619652209951529,0.6752319350341085,0.47776241407415254,10.518543884155791,-0.07996987634140086,-0.5305358284660441,0.843881836273177,9.019897092411616,-0.823286043407642,0.5124388437891305,0.2441444697433246,7.71562052009174,51.877158401339955,43.589305931377964,36.16103692429918,15.231353519784633,4.419839246625532,31785.0,81770.56690103338, 0.0, 0.0,0.0,NaN, 132.21537827946398,132.21537827946398,0.0, 75.8108545922202, 20.31973088121639, 12.248986543392565, 20.31973088121639, 88.97714509173088, 6.7152854806072995, 12.248986543392565, 6.7152854806072995, 86.74110932671653, 4.853581269596177, 3.2997496087493716, 11.0, 0.0
291, 0 ,1.0,1.0,1.0,155.8626774784851,267.9391990555193,92.47099760772983,9.412712468188436,9.749536870113507,8.166000112796636,44.0,48.0,39.0,0.46570737602229245,0.8699499377838974,-0.16218429538097878,9.928208311635995,-0.8825184080645887,0.47011277050780376,-0.012459632122235139,9.270808297652971,-0.06540565224485922,-0.14893316875454762,-0.9866818189766923,8.112889513707072,47.02902599527772,44.348293228133855,40.34423467684081,15.219003674388507,4.326443133989516,32187.0,84144.23687835305, 0.0, 0.0,0.0,NaN, 174.2249927520205,174.2249927520205,0.0, 88.59915600879006, 4.9173970803552844, -2.252312752783256, 4.9173970803552844, 95.05346918170268, -4.738722393564879, -2.252312752783256, -4.738722393564879, 66.68355784219467, 4.6737824626875515, 3.1551016024131546, 8.0, 0.0
292, 0 ,1.0,1.0,1.0,43.199596583567086,24.024803807242584,206.21822307668063,9.355894420273296,8.722340116115129,9.329693398130024,48.0,42.0,39.0,0.559986497402243,-0.45785759700228634,0.6904936955501186,10.372506264713047,-0.8193446658497601,-0.42961572465647335,0.3796111795922747,8.87043717860067,0.12283908690116807,-0.7783294610864895,-0.6157221847019175,8.02381545504324,45.84839202794916,44.32244307627154,40.488796800497354,15.212981014077597,4.384103679536281,31729.0,82277.80004028998, 0.0, 0.0,2.8421709430404007E-14,46.3307981373303, 106.0114051687585,106.0114051687585,0.0, 87.53276040330101, -6.043369867038579, 12.258123270679198, -6.043369867038579, 76.07921710119129, -15.992522347421886, 12.258123270679198, -15.992522347421886, 87.04317890311094, 4.673948400940114, 3.074271031343902, 5.0, 0.0
293, 0 ,1.0,1.0,1.0,259.4800361036555,105.18284601315884,262.7506710054393,7.287599465370718,12.143824348536146,11.37337019724449,33.0,51.0,56.0,0.02241646222645451,-0.7869253463325699,0.6166409015955843,13.25332972108519,-0.15579004384252584,-0.6120106518117278,-0.7753530965363642,10.122587590728145,-0.9875358041411938,0.0786858396939988,0.13631424786447127,7.198444081298159,63.67408700030491,46.591447207168926,33.472974225973815,17.33193221964813,5.4350023875679785,42101.0,99303.19691319493, 0.0, 0.0,0.0,NaN, 118.71314619760514,118.71314619760514,NaN, 53.10910596767158, 2.6447277279413677, 7.829765064489471, 2.6447277279413677, 147.47246980809933, -36.05581020403004, 7.829765064489471, -36.05581020403004, 129.35354964356918, 6.071783036998053, 3.3488259785915773, 9.0, 0.0
294, 0 ,1.0,1.0,1.0,165.95796964474343,265.89206093289596,19.939428476121645,10.501690172183176,7.652480433890906,10.295177906483065,47.0,33.0,43.0,-0.9019947961316543,-0.14494262372408562,0.40669032884910566,10.564438790500557,-0.4233065681406743,0.11154535652947088,-0.8990935339583298,10.31688632362759,0.08495255805671935,-0.9831323762671493,-0.1619684957481804,7.535989053658581,47.225107867311294,49.83087236552512,35.58426279895346,15.92372028908592,4.612133296501796,35974.0,83739.3184272866, 0.0, 0.0,0.0,NaN, 139.74332977684188,139.74332977684188,0.0, 110.2854964725287, 4.822310450062227, -1.2131145867600186, 4.822310450062227, 58.560456791083155, -8.210324101495955, -1.2131145867600186, -8.210324101495955, 105.99068812613704, 5.1166749696398, 3.1300771905364373, 7.0, 0.0
295, 0 ,1.0,1.0,1.0,208.84785963056032,289.3392408411586,15.929991623682934,9.297367021423852,6.04220538371665,9.51480613604267,39.0,24.0,37.0,0.44793422040508424,0.023394750776288872,0.8937603816606576,9.587357327284202,-0.893838181662027,-0.010873216144251246,0.44825782555779325,9.224491470506763,-0.020204929923410712,0.9996671740168303,-0.016040635897443187,6.039217815749609,47.23583196331742,41.30910676260618,24.798359752721012,13.982211180007072,4.240116243010254,22683.0,48388.29606936143, 0.0, 0.0,0.0,NaN, 93.14574124941763,93.14574124941763,1.9073486328125E-6, 86.44103353105984, 1.0535520055917675, 2.7170745092505304, 1.0535520055917675, 36.50824589901447, 0.9223521780963901, 2.7170745092505304, 0.9223521780963901, 90.53153580647526, 4.82608580777308, 3.125181098768704, 3.0, 0.0
296, 0 ,1.0,1.0,1.0,207.81172390647723,225.69867994182795,29.069862400715962,8.334516216909437,10.189058544332834,9.926800955778711,38.0,49.0,51.0,-0.19776106468508728,0.7401199108435056,0.642738732976022,11.073771169104237,0.022278181932189743,-0.6521255463505281,0.7577835801908231,9.049932583073083,-0.9799970632121389,-0.16417913804751927,-0.11247651632921697,8.203216694782926,49.92069067644293,42.65046063276111,36.57518483423192,15.841799771164435,4.567256486749661,35756.0,77873.70558661377, 0.0, 0.0,0.0,NaN, 121.91973306843755,121.91973306843755,0.0, 69.4641605699264, -8.311541744927121, -6.787019977580834, -8.311541744927121, 103.81691401984193, 19.104281729088758, -6.787019977580834, 19.104281729088758, 98.54137721564912, 5.019168913012677, 3.2419709550327545, 11.0, 0.0
297, 0 ,1.0,1.0,1.0,229.19140752137764,72.71793354439743,73.68396603248809,10.113509088984669,9.816555806033762,7.833525911896643,45.0,44.0,42.0,-0.915048538504513,0.39192945084180913,-0.09527579830992361,10.181076726927142,0.4004605047445342,0.9109908482454953,-0.09862585134084643,9.783935598386382,-0.048141004564800124,0.1284016354093353,0.9905531099863853,7.786670860217283,47.683863825746954,49.253899870298184,40.88103868124657,15.502553827426338,4.4365287135382605,33797.0,96013.8719395357, 0.0, 0.0,0.0,NaN, 125.4236081367773,125.4236081367773,1.9073486328125E-6, 102.28306609297552, -2.6266624877564944, 2.364719464326274, -2.6266624877564944, 96.36476789297517, -4.759527526475471, 2.364719464326274, -4.759527526475471, 61.364128212356135, 4.459909816308463, 3.062663508831176, 5.0, 0.0
298, 0 ,1.0,1.0,1.0,178.7903390871256,286.5709217438766,118.95401514634645,7.987849441020921,7.362413032648865,11.777328448724752,35.0,32.0,48.0,0.03276768201320258,-0.024130197813543596,0.9991716632135648,11.782780821539623,0.9946963223866423,-0.09673278794450593,-0.03495703029396103,7.988610856795306,-0.09749618067376391,-0.9950178396842758,-0.020832509787977866,7.3528567533393305,48.791360088624174,36.60679510270232,34.2071446791316,15.28347004473394,4.809560597039367,29314.0,61097.221074858906, 0.0, 0.0,0.0,NaN, 170.35897323258408,170.35897323258408,0.0, 63.80573869241824, -1.0054961780082516, 2.436254932436547, -1.0054961780082516, 54.20512566331786, -2.0108275052620264, 2.436254932436547, -2.0108275052620264, 138.70546538914138, 5.931488658853896, 3.5325214244321517, 9.0, 0.0
299, 0 ,1.0,1.0,1.0,192.63398332106942,127.68818984547461,116.82269438312484,8.141655949011255,9.875899208211038,9.305147775791479,40.0,46.0,43.0,-0.3278807885812888,0.8768523745367813,0.35160219246830654,10.287673928058851,0.18951243942438556,-0.3035626811354143,0.9337744555969056,9.164544440909685,-0.9255156529107064,-0.37279969405980806,0.06664206123900052,7.7833548186280455,42.58403355256283,40.312856727799,35.481676853456975,15.236585912770881,4.272256033392705,32616.0,60910.82849081985, 2.8421709430404007E-14, 0.0,1.4210854715202004E-14,80.78066686237638, 203.6646196236532,203.6646196236532,0.0, 66.28656159207037, -14.357781138849806, -1.0748612476776616, -14.357781138849806, 97.53338517074341, 7.317169544898712, -1.0748612476776616, 7.317169544898712, 86.5857751293171, 5.072752342974917, 3.2396234616740704, 7.0, 0.0
300, 0 ,1.0,1.0,1.0,264.7386947023484,265.0700983069361,173.69677771709448,11.420131517059172,9.269057681428132,8.265301616249475,62.0,42.0,44.0,0.9748345793986064,-0.13742245891680546,0.17553521183512139,11.550096334008094,-0.1370719571038382,-0.9904596079401498,-0.014178984969604656,9.219725605000166,0.17580904807337328,-0.010238790177733229,-0.984371040711393,8.138917582810594,63.02768644197104,42.62970215806121,42.98293489056192,16.152377676147523,4.873473133521686,36620.0,115488.76311661073, 0.0, 0.0,0.0,NaN, 135.7054223037029,135.7054223037029,0.0, 130.41940386692823, -6.450279336453493, 11.52920442312613, -6.450279336453493, 85.91543030164186, -1.3566528782027327, 11.52920442312613, -1.3566528782027327, 68.31521080757618, 4.621831128594493, 3.1705969934087, 11.0, 0.0
301, 0 ,1.0,1.0,1.0,122.01349366310252,291.57930516175315,226.11840262357805,9.666957234488995,5.227277832842534,14.748546114548638,41.0,23.0,67.0,0.04851208112709179,0.011395795479698897,0.998757585117682,14.759745910547243,-0.9857048402193752,0.16207193997202304,0.04602884141275724,9.745256939182822,0.16134604411888886,0.9867131407451154,-0.019095337862837212,5.047175056754707,67.25048497235781,42.06348950963064,24.69835277679948,17.216122900980828,6.47296071874838,29273.0,69866.45505943164, 0.0, 0.0,0.0,NaN, 142.88698740027573,142.88698740027573,0.0, 93.45006217343912, -10.995997183031925, 6.167875891220128, -10.995997183031925, 27.324433541726943, 2.707994681425165, 6.167875891220128, 2.707994681425165, 217.51961249296772, 5.323771316072879, 3.4102741710746827, 4.0, 0.0
302, 0 ,1.0,1.0,1.0,288.7164843852945,17.706917907497694,256.98621689287125,6.530805074167598,10.315126520362776,13.587362253357472,25.0,41.0,58.0,0.029084822922731877,0.16582668705536674,0.9857259167414616,13.674815368344461,-0.025818538425395075,-0.9856894650826971,0.16658235650441403,10.206911588868852,-0.9992434518920452,0.03029502079927946,0.024387200857037588,6.518285319816337,60.99535117886896,44.09188458543147,25.935071266315504,17.357891249448212,5.689751701449501,37945.0,69749.78025973043, 0.0, 0.0,0.0,NaN, 47.86479085504583,47.86479085504583,0.0, 42.65141491677325, 2.267018654601672, 3.8777894672159157, 2.267018654601672, 106.40183513109147, 13.49207321295613, 3.8777894672159157, 13.49207321295613, 184.61641300396343, 5.42702325682958, 3.347386128543923, 5.0, 0.0
304, 0 ,1.0,1.0,1.0,22.022803596576754,121.13400498320875,8.005741523128588,8.608579913383865,10.1931579848348,5.215065877943258,40.0,47.0,21.0,0.23427897377442228,0.9706051111174744,0.055127857928987466,10.286132814705466,-0.9614092912667239,0.23972663662381966,-0.1349937567409952,8.56190354546524,-0.1442412462273509,-0.02137423602532609,0.9893116823939332,5.10825893398082,49.683903408427526,39.59684345831326,22.34620320869806,13.596038936865627,4.511402793747374,18462.0,43962.26089025445, 0.0, 0.0,0.0,NaN, 123.37966987660722,123.37966987660722,2.3360154559928683E-6, 74.10764812511616, 7.244317186765744, 7.156840148345951, 7.244317186765744, 103.90046970380142, 2.737232990563303, 7.156840148345951, 2.737232990563303, 27.19691211128808, 5.281780012554846, 3.1876054704923464, 2.0, 0.0
305, 0 ,1.0,1.0,1.0,151.4365527032731,70.63013698630137,59.18372280419017,6.730906695390418,9.339373296597284,9.51847525679499,31.0,41.0,44.0,0.03894241254460801,-0.5468604332281559,0.8363176161451575,9.671263457042249,-0.09509360118487523,-0.8351821147078122,-0.5416899872490522,9.20467965730157,-0.9947063363218801,0.058433738898856884,0.08452693440201613,6.698574869358574,45.988468862282055,44.05062971322366,32.66204463549391,14.345839871838015,4.16260112201961,26061.0,66167.45634785757, 0.0, 0.0,-7.105427357601002E-15,33.246712304565435, 174.8211290672677,174.8211290672677,0.0, 45.305104942051564, 2.129002398482378, 3.637841435736486, 2.129002398482378, 87.2238935731944, -4.2248223740613, 3.637841435736486, -4.2248223740613, 90.60137121421845, 4.637555373577927, 3.1742126417217924, 8.0, 0.0
306, 0 ,1.0,1.0,1.0,208.94817857023608,100.73918995625897,24.906574510000333,9.121554900517898,10.210345442417642,7.76439560488265,44.0,50.0,41.0,0.5518456986480882,-0.8150032942638616,-0.17673696620304774,10.883710609134308,0.6525940161407804,0.5539781334114579,-0.5169422383586044,8.862475735192584,0.5192180418483652,0.16993486411272618,0.8375767230398293,7.123280437096509,48.47396680185841,44.02493033981705,33.81821281891661,15.084617247250895,4.493782312231767,29949.0,72170.19710021859, 0.0, 0.0,0.0,NaN, 138.05490224017052,138.05490224017052,0.0, 83.20276380316207, -20.40361204674229, -15.983471780709865, -20.40361204674229, 104.25115405349874, 1.7917210423591468, -15.983471780709865, 1.7917210423591468, 60.285839109121014, 4.793058887913675, 3.0974216180705256, 8.0, 0.0
307, 0 ,1.0,1.0,1.0,155.39651816007566,227.95110962789923,144.26756215584848,8.582411068288424,10.158390281815658,9.811299851445359,45.0,54.0,50.0,-0.043140616361383756,0.9753711160352464,0.2163101320422088,10.17893279009727,-0.007559185760995539,0.21618683538035408,-0.9763227493605064,9.792903116316817,-0.9990404125612692,-0.04375429364514557,-0.0019534218755055182,8.579082319622131,54.05418229087934,53.75819793872947,45.22520459275452,15.873980769480031,4.596630523320754,35958.0,131417.90638436048, 0.0, 0.0,0.0,NaN, 216.59718154784917,216.59718154784917,0.0, 73.65777974507964, -1.2992079947323767, -0.11546529890671801, -1.2992079947323767, 103.19289311768681, 1.624711448634072, -0.11546529890671801, 1.624711448634072, 96.2616047749717, 3.9879749161020603, 2.9657982972956036, 14.0, 0.0
308, 0 ,1.0,1.0,1.0,28.117764993026498,69.46012029288703,211.12983786610877,8.256579407503986,7.502444714493871,8.662564270675563,37.0,33.0,43.0,-0.5559884970590471,-0.235571138724588,0.7971091705268627,8.922354576597629,-0.7030801335400503,-0.37822785914315127,-0.6021810461890124,8.195001899249771,-0.4433453698408576,0.8952373568880991,-0.044664951278196585,7.2616342947576715,40.637522291101746,40.11470399685811,35.94735285985111,13.590855564066096,3.8453146798062203,22944.0,58600.01502679379, 0.0, 0.0,0.0,NaN, 116.24638806005768,116.24638806005768,NaN, 68.17110351241887, 7.3566402967494815, -5.803470271714851, 7.3566402967494815, 56.28667669403702, -1.7610137008590767, -5.803470271714851, -1.7610137008590767, 75.04001974358486, 4.580322494262743, 3.0557971665816606, 10.0, 0.0
309, 0 ,1.0,1.0,1.0,215.73178556073685,284.4796772166551,232.34765353705725,7.463535460724396,8.673010546364562,11.207801973732776,33.0,35.0,48.0,0.09883246539970804,0.05157653675851647,0.9937665745229174,11.246600132037432,0.17009765904967425,-0.9848336912600466,0.034196300164367546,8.698854567081746,0.9804585305706897,0.165657663315369,-0.10610658988043847,7.374565294582885,49.58320378846116,37.73678697908349,30.08938212737155,15.326487822974658,4.65178133681191,30237.0,56300.56783694128, 0.0, 0.0,0.0,NaN, 109.17349662817847,109.17349662817847,0.0, 55.70436157349052, -3.1982279251554884, 7.205393067616844, -3.1982279251554884, 75.22111193735091, 2.9787225286411685, 7.205393067616844, 2.9787225286411685, 125.61482508240832, 4.454720685886289, 3.0460582190491525, 8.0, 0.0
310, 0 ,1.0,1.0,1.0,39.447937333242116,153.98618047478962,255.78306081959363,9.065739512828328,8.019483562411034,9.42534783257309,45.0,41.0,43.0,-0.20709032200970512,0.4534358203789054,-0.8668965078527114,9.786334099343206,-0.9204855899596771,0.20984546936566326,0.32965308684022643,9.224548012453944,-0.33139082245364304,-0.8662337073700227,-0.3739241728071138,7.380535898509826,44.53512274645709,43.23313818655012,32.48587278339116,14.755232689548297,4.197623085094134,29234.0,62548.07581960309, 0.0, 0.0,0.0,NaN, 157.5795448739203,157.5795448739203,0.0, 82.1876329144568, -9.79270826152322, -1.8769303356563805, -9.79270826152322, 64.31211660778077, -14.116119704073451, -1.8769303356563805, -14.116119704073451, 88.83718176499025, 4.716064605989078, 3.03853645028378, 11.0, 0.0
311, 0 ,1.0,1.0,1.0,271.2324456224494,146.0874247970045,8.161681181370692,11.262249585298928,10.071656956804746,5.22914152044549,54.0,42.0,20.0,-0.9176932633905956,0.39371249941135844,0.053193440711991585,11.511228986748083,-0.3970906368291616,-0.9132123559490195,-0.09144516982679994,9.831339615666854,0.01257380094202678,-0.10504123356712226,0.9943883742183269,5.143620242012103,55.70573250339504,47.119738214883284,22.336986433205524,15.128926742208982,5.17069011320668,23769.0,58631.00502965963, 0.0, 0.0,0.0,NaN, 149.11646759627897,149.11646759627897,0.0, 126.83826572156589, -12.861290841156478, -2.627888784848885, -12.861290841156478, 101.43827385555343, 8.08321875152985, -2.627888784848885, 8.08321875152985, 27.343921040846965, 5.077267867547913, 3.265552337602414, 5.0, 0.0
312, 0 ,1.0,1.0,1.0,288.23212171442106,51.29590930618044,33.911437366800854,7.02080249673669,12.480101133540419,9.680322808379852,28.0,54.0,46.0,-0.10506144041599787,-0.9827769210088287,0.15202505474467826,12.589227634313596,0.00275523572699643,-0.15315815608065603,-0.9881978485617454,9.601667502963455,-0.9944619160198166,0.10340262452365595,-0.01879879857372302,6.933438570434631,58.01269496861691,43.38078081273913,31.567391201933788,16.416225128160008,5.409324746916203,33784.0,79443.63327607338, 0.0, 0.0,0.0,NaN, 62.607817843896676,62.607817843896676,0.0, 49.29166769818414, 11.382058939762297, -1.883687302582371, 11.382058939762297, 155.75292430339687, -9.819400880769237, -1.883687302582371, -9.819400880769237, 93.7086496744392, 4.63592382701453, 3.1084433834540013, 8.0, 0.0
313, 0 ,1.0,1.0,1.0,255.44274863349187,210.00830552992122,69.05025910413856,7.995671154246608,8.766474226649324,9.298193791870537,36.0,45.0,45.0,0.003351213747472084,0.32797310906420624,0.9446811150315103,9.368756123324284,0.01568504984622471,-0.9445874448147374,0.32788494675676627,8.691203070507608,-0.9998713660155193,-0.013718557836895963,0.008309788994646046,7.995475799063547,41.877186101713306,45.645620135628775,36.05447236236088,14.508152709561108,4.092888994413077,28174.0,68918.48912173363, 0.0, 0.0,0.0,NaN, 121.86792853447075,121.86792853447075,NaN, 63.93075720685129, -0.14579410734142942, 0.13519798164886118, -0.14579410734142942, 76.85107036650686, 3.7925832103936754, 0.13519798164886118, 3.7925832103936754, 86.45640779117979, 4.507339199646739, 3.057249496952186, 7.0, 0.0
314, 0 ,1.0,1.0,1.0,232.05557067682815,8.587416076937036,64.52091272001452,11.424523180432539,5.69526662515285,8.461884610698032,54.0,23.0,40.0,-0.9966413111202387,-0.080940524403533,0.012438990224804772,11.453267217174933,0.015219802046512399,-0.03383045908253439,0.9993116919479776,8.464219923512967,0.0804639956390227,-0.9961446338496971,-0.03494873185477932,5.633731812482786,54.27308938340977,40.46636114419909,25.688549434257357,14.497266646385883,4.9384757547417,22044.0,56418.07686300294, 0.0, 0.0,0.0,NaN, 94.09111206247731,94.09111206247731,0.0, 130.5197299002404, 8.001016843846473, -0.6258445872808056, 8.001016843846473, 32.43606193157993, -1.449160715453986, -0.6258445872808056, -1.449160715453986, 71.6034911647682, 4.781691103665328, 3.201957713973299, 4.0, 0.0
315, 0 ,1.0,1.0,1.0,150.44422119594554,182.12526240028788,167.18481976848798,8.951076821687659,10.277741640010046,8.601673263701956,42.0,50.0,40.0,-0.3961460127030707,0.8962514032581615,0.19950378136074318,10.74588062771729,-0.6992378711882706,-0.1536515503472031,-0.6981816386671859,8.996303581531674,-0.5950922080783404,-0.41608247167319773,0.6875613722794263,7.9583354934185975,52.56174058577446,41.99477387377465,40.49120743842262,15.477740157742238,4.492448333754231,33346.0,89376.98763457632, 0.0, 0.0,0.0,NaN, 232.16644210095754,232.16644210095754,0.0, 80.12177626775404, -16.620959393494417, 4.470769050842343, -16.620959393494417, 105.63197321879638, 11.210610202933594, 4.470769050842343, 11.210610202933594, 73.98878293548508, 5.281541878696588, 3.382114110533882, 13.0, 0.0
316, 0 ,1.0,1.0,1.0,255.29570826097742,292.11126271396677,198.89245844703547,9.113442215396683,4.483191648942961,9.498173592687165,38.0,17.0,44.0,0.30199995759579834,0.060233048967188445,0.9514031771148613,9.555575912367308,-0.9532844904308303,0.012081135119327496,0.3018322820346777,9.068050079384683,-0.006686248287991137,0.9981112292657285,-0.06106773368552743,4.453153344777526,47.05430269562993,42.59953196445778,18.617611206120273,13.197646553065606,4.38078342670578,16124.0,37318.83916346136, 2.8421709430404007E-14, 0.0,0.0,72.4222351153336, 110.83068543837553,110.83068543837553,0.0, 83.0548290133744, 0.5815864165099472, 2.5832769861408496, 0.5815864165099472, 20.09900736115191, 4.323674618334064, 2.5832769861408496, 4.323674618334064, 90.2153015968198, 4.677589629718785, 3.1487584174736534, 5.0, 0.0
318, 0 ,1.0,1.0,1.0,120.9926795790758,151.3701006557877,239.6468278175995,8.394017607057018,9.11048470495327,8.091523999861064,38.0,43.0,40.0,-0.382434828160379,-0.8829276765164014,0.2723643153045036,9.527297077565773,-0.7435715590243623,0.11910609530477018,-0.6579628216482525,8.596445508399986,0.5484933352557901,-0.4541502571865404,-0.7020702280237914,7.366475331121031,44.65221280528338,41.52662040097772,32.97316518748261,14.230908169005497,4.051478307041219,26228.0,61140.67261207996, -1.4210854715202004E-14, 0.0,2.8421709430404007E-14,64.96620339156702, 200.9292932433548,200.9292932433548,0.0, 70.45953158758323, 10.58731353232851, 5.803385349282378, 10.58731353232851, 83.00093155918746, -10.317170871794973, 5.803385349282378, -10.317170871794973, 65.47276064032759, 5.212695230311585, 3.2678946997156664, 4.0, 0.0
319, 0 ,1.0,1.0,1.0,82.99327404290587,84.36234101558765,261.1978260176596,8.406592488002365,8.462677822718888,10.526311567152861,44.0,40.0,54.0,0.024061008475750625,-0.0656049922577357,0.9975555387355596,10.53652274352869,0.6862972133226138,0.7266501877663243,0.031235230186128317,8.820768990019769,-0.7269231065640606,0.683868035230503,0.06250845969328697,8.016649630553918,53.90954307550217,42.47300997896896,38.337669645830715,15.256883066959304,4.507601078222712,31371.0,87781.78369577728, 0.0, 0.0,0.0,NaN, 124.5411451037246,124.5411451037246,0.0, 70.67079725933779, 6.67822045692801, 1.412378989822643, 6.67822045692801, 71.6169159311381, -2.7523409627596322, 1.412378989822643, -2.7523409627596322, 110.80323520877612, 4.643431733193485, 3.0166262260908585, 5.0, 0.0
320, 0 ,1.0,1.0,1.0,237.08533836557112,147.29889395607276,264.74395869371494,9.699722064155855,9.898871962237989,10.15785114260786,45.0,44.0,47.0,-0.682959044406125,0.7304497047792747,0.003189428121607289,11.142332999601026,0.3003445790371228,0.2847923032927915,-0.910322183530754,10.600477516670963,-0.6658528947950033,-0.6207548411193076,-0.4138880884007861,7.66371357936794,50.345417335509325,53.60866264050162,44.032035468598565,16.465158321649415,4.914547336738551,38154.0,118840.28385490309, 0.0, 0.0,0.0,NaN, 164.00672930659744,164.00672930659744,0.0, 94.08460812187191, -28.047496952376623, -14.807577960547691, -28.047496952376623, 97.98766612478137, -13.753292051767126, -14.807577960547691, -13.753292051767126, 103.18193983537984, 4.271354631730681, 2.8550025470748213, 13.0, 0.0
321, 0 ,1.0,1.0,1.0,263.0195077856185,61.35635971306934,280.0392780078148,9.153333682559202,10.264732165180646,9.245320222235728,44.0,45.0,37.0,-0.3310378448152246,0.760958545294328,0.557992865226457,11.520461153851404,0.9364635371226528,0.33761102980898716,0.09515690301310419,8.830217301002527,-0.1159740873636063,0.5540405083519209,-0.8243719586238505,7.995650515031551,56.6157638256374,41.722656857049344,40.28267626811399,15.862809238917743,4.795359526512281,34294.0,95154.13006989619, 0.0, 0.0,0.0,NaN, 74.3679373393319,74.3679373393319,0.0, 83.78351750427281, -12.889146925058103, -11.455452177851386, -12.889146925058103, 105.36472642289415, 29.660260788082976, -11.455452177851386, 29.660260788082976, 85.47594601168089, 4.5638021753876385, 3.065846522756608, 5.0, 0.0
322, 0 ,1.0,1.0,1.0,182.8693209574988,30.924132877381535,291.4847581827064,11.212643418304701,10.114597832783014,4.572045774849031,52.0,45.0,19.0,-0.9211621322751522,0.3891658855957698,0.0031999298047700976,11.437533607661559,0.38904026254456603,0.9210220851945068,-0.019130935764304916,9.861052774428885,-0.010392313580256914,-0.016377792049694143,-0.9998118661758456,4.568865008494579,51.81694450238405,44.74962529175238,19.6105592434713,14.872117876724447,5.268033235764411,20470.0,45472.74612083448, 0.0, 0.0,0.0,NaN, 121.44302083850833,121.44302083850833,0.0, 125.72337242605174, -12.049777457401301, -0.8924412242921441, -12.049777457401301, 102.30508931893885, -1.20865513152206, -0.8924412242921441, -1.20865513152206, 20.90360256731488, 4.154307210502184, 2.908827120002181, 4.0, 0.0
324, 0 ,1.0,1.0,1.0,225.86404476915902,209.5613555106482,70.33999689103062,8.385790480124266,9.614542467449672,9.653283320950841,36.0,45.0,49.0,-0.37317098343128174,-0.3868826298458909,-0.843246848703544,9.853383386955445,-0.04964001029679837,-0.8992755972727948,0.4345564054612379,9.640755779402157,0.9264336384775026,-0.2040226234347195,-0.3163787012808396,8.118709967789096,42.68320747967638,44.353176890549975,38.78924480459645,15.356598535357454,4.485718351983647,32165.0,73433.30999615329, 0.0, 0.0,0.0,NaN, 136.4661256051875,136.4661256051875,0.0, 70.32148197654277, 5.707595449963154, 9.22713528383273, 5.707595449963154, 92.43942685839322, -0.3925379718466505, 9.22713528383273, -0.3925379718466505, 93.1858788745477, 5.053410727861379, 3.1427957069946477, 12.0, 0.0
325, 0 ,1.0,1.0,1.0,11.228597235312598,47.58549324536601,128.85041627395537,6.665650455144028,8.782215684627873,10.358158151509972,28.0,41.0,46.0,0.08346256671846398,0.11037738948468567,0.990379135405887,10.391728108591947,-0.19485331374515005,-0.9728544897766689,0.12484521554273244,8.84524117967114,0.9772748774420125,-0.20339855852961006,-0.059689532656712396,6.528655604619379,46.77974580826172,42.544972375073094,31.02259988442539,14.475217136146973,4.395194816450229,25464.0,61742.512048511606, 0.0, -7.105427357601002E-15,0.0,83.6629291309497, 137.81469565053368,137.81469565053368,0.0, 44.43089599016178, 7.353473288513095, 4.53662923614913, 7.353473288513095, 77.12731233132384, 2.8197118980375087, 4.53662923614913, 2.8197118980375087, 107.29144029169247, 4.514411776910319, 3.022844988396639, 9.0, 0.0
326, 0 ,1.0,1.0,1.0,252.02364652187597,183.6320034623859,128.44586087503936,9.1565159448194,6.875972842674501,9.29374847963959,45.0,29.0,46.0,-0.3830789444902003,0.1582902115547709,-0.9100520486292084,9.36708609015875,-0.9188813181435455,0.03536148500794157,0.39294616494478357,9.141174329443167,-0.0943803234527942,-0.9867592281321612,-0.13190367789022037,6.796409172645223,45.12850416013785,42.339648786619875,28.58581872292112,14.16270269731729,4.112468831630474,25416.0,54619.638948325264, 2.8421709430404007E-14, 0.0,0.0,67.47546954450519, 179.83764980438895,179.83764980438895,0.0, 83.84178424773191, -3.7338225559055274, 0.9924471834317488, -3.7338225559055274, 47.27900253319726, -5.466275701753174, 0.9924471834317488, -5.466275701753174, 86.37376080280319, 4.484213114888189, 2.94371818045289, 9.0, 0.0
327, 0 ,1.0,1.0,1.0,50.80315038636814,168.87007132950268,7.324152962155736,10.378782500637216,9.679365821244414,4.894694234907958,45.0,41.0,19.0,0.9957791001388028,-0.063189096295004,-0.06656667211282763,10.401422837526544,-0.05887733574077638,-0.9961560619476333,0.0648579955059545,9.689834496981053,0.07040911207240039,0.060664968098592724,0.9956717926017452,4.825431682901142,45.20608196310526,41.40817852011105,21.226176678386253,14.244539300086268,4.739238407016849,20188.0,39733.312220861924, 0.0, 0.0,0.0,NaN, 140.81783089837276,140.81783089837276,0.0, 107.71912619553329, -1.201175774547069, -5.897603335069946, -1.201175774547069, 93.69012270147454, -4.204762570847307, -5.897603335069946, -4.204762570847307, 23.958031653241207, 4.470282072787807, 2.9800743178726683, 3.0, 0.0
328, 0 ,1.0,1.0,1.0,163.8002432132766,39.81537250974642,39.75585679030008,10.386688895444244,8.373926330378424,7.523958129663363,52.0,37.0,36.0,-0.9895030826732228,-0.14381828155260695,-0.014140412704174399,10.42802164307354,-0.12264006043590842,0.8874709278379994,-0.44424629184568076,8.567742063213494,0.07643994346194963,-0.43784889417882095,-0.8957931016199655,7.24334555879459,52.17325170677063,41.175873883162765,37.53968315873247,14.678489241870338,4.376967890055142,27959.0,80645.72171899765, 0.0, 0.0,0.0,NaN, 147.36405866419167,147.36405866419167,1.9073486328125E-6, 107.88330621074476, 5.729670426944217, 1.9283043089461858, 5.729670426944217, 70.12264218660506, -8.14132362561144, 1.9283043089461858, -8.14132362561144, 56.60994593692742, 4.5249139721324765, 2.9872746678588955, 4.0, 0.0
329, 0 ,1.0,1.0,1.0,291.67808961102907,114.59719350073856,67.08321024126046,5.129074258695126,9.994226890994288,10.498958647318513,22.0,44.0,44.0,-0.0637055728026555,0.6532203467342638,0.7544831201599236,11.901285492733967,0.0010236470310829929,-0.755975624060618,0.6545989672867769,8.303139670110005,-0.9979682119890598,-0.04247392657298483,-0.04749119308704909,5.0830484767580115,55.14384867164058,39.802265822110755,24.024498415940116,14.491730390920752,5.139052135836026,20310.0,52730.1733100357, 0.0, 0.0,0.0,NaN, 133.04859280368555,133.04859280368555,0.0, 26.30740275120895, -4.85236577509449, -5.537172399933173, -4.85236577509449, 99.88457114867336, 35.74203559742741, -5.537172399933173, 35.74203559742741, 110.22813267810419, 4.518764243190186, 3.152707401269193, 5.0, 0.0
330, 0 ,1.0,1.0,1.0,229.25132860938885,291.96922054915854,132.2622527310304,8.904519384134609,4.678773192139332,7.788242294831326,43.0,17.0,37.0,0.9029167981286492,-0.022998506747883164,0.42919963227439534,9.20622187938105,0.42948650611570627,0.009220978892271013,-0.9030261981874016,7.4316061190336695,-0.016810613362755654,-0.9996929739853311,-0.018203325046048026,4.674912971174669,42.305016391222864,33.76462215453523,17.766577987590836,12.113596698776254,3.8857273589789734,13548.0,25378.00907424251, 0.0, 0.0,0.0,NaN, 150.21042380478025,150.21042380478025,0.0, 79.290465462429, -1.1739884831624328, 11.431947848454067, -1.1739884831624328, 21.890918583481668, -0.8987777244730268, 11.431947848454067, -0.8987777244730268, 60.65671804299952, 4.5773439422241, 3.1152937978217388, 5.0, 0.0
331, 0 ,1.0,1.0,1.0,212.93125584559135,255.09055352436016,212.57716180596887,7.521982185427543,8.162856227575274,8.759181297766705,37.0,40.0,40.0,0.016546900339355648,0.028235828677121728,0.9994643255604854,8.759980687909707,0.04493775767394564,-0.9986120965457075,0.027467773259306442,8.163584911480413,0.9988527409104896,0.04445917915912496,-0.017792789666032368,7.520260270602212,40.14798799448215,40.42880140739706,37.170973709656664,13.620481211389258,3.79712870038685,23522.0,60333.509658770025, 0.0, 0.0,0.0,NaN, 131.3033785904764,131.3033785904764,0.0, 56.58021599788932, -0.4433540919611654, 0.346240567989641, -0.4433540919611654, 66.63222179206443, 0.29281716492161347, 0.346240567989641, 0.29281716492161347, 76.72325700714603, 4.2736721284869335, 2.852589778904075, 4.0, 0.0
332, 0 ,1.0,1.0,1.0,218.740777537797,83.29494600431966,220.22354211663068,8.277554041340595,7.628445427524047,8.242470664709366,41.0,37.0,38.0,-0.8662813320320555,-0.1876865371927979,-0.4629583323900155,8.401922006503563,0.3599566594202717,0.4080846488137574,-0.8389863662429506,8.281155703139504,0.3463926343208901,-0.8934431616835672,-0.285957094210137,7.448460916431816,38.66187714309103,35.189901653860275,35.359209179035105,13.458329320281159,3.677332608492318,23150.0,48106.47474227989, -2.8421709430404007E-14, 0.0,0.0,29.970659770095278, 141.08647170243262,141.08647170243262,0.0, 68.51790090731403, 4.381165052782828, 2.1054201400389068, 4.381165052782828, 58.19317964071255, -3.171289225587646, 2.1054201400389068, -3.171289225587646, 67.93832265859446, 4.86124795244013, 2.932591440369862, 5.0, 0.0
333, 0 ,1.0,1.0,1.0,283.96526778134574,153.74026501310303,283.77813457350607,8.589543069206517,10.411822841425316,7.361249600348875,35.0,48.0,29.0,0.26985362669936247,0.9408548913051495,0.20486847894289656,10.655416324350194,0.9275095185939536,-0.31113689185275323,0.2071712514945567,8.498000129636926,0.2586602270833569,0.13411155071574937,-0.956613285967639,7.114801293717077,51.264789576851825,40.354743313728534,32.946496403092624,14.693499619451131,4.524971782322604,27093.0,68158.96797199683, 0.0, 0.0,0.0,NaN, 148.02760429621415,148.02760429621415,0.0, 73.78025013775371, 9.742206081915267, 7.628030289509083, 9.742206081915267, 108.40605488122593, 10.73541996064528, 7.628030289509083, 10.73541996064528, 54.18799567863648, 4.723070670125915, 3.0440184190273736, 8.0, 0.0
334, 0 ,1.0,1.0,1.0,227.2375157953854,193.76585388683483,291.5378855244068,11.510628831262638,10.443355595262556,4.326806700178826,50.0,45.0,17.0,0.9169793978665868,0.3989316914704068,0.0015130858508800753,11.745835960196288,-0.39893383904711655,0.9169783582955642,0.0015755890014342274,10.178117383538206,7.58914594095933E-4,0.0020484038011198357,-0.9999976140424067,4.326750804470481,53.470255677960154,42.34801931624615,17.049651704560688,15.248035854871311,5.270380533649285,21367.0,38606.5394499686, 0.0, 0.0,0.0,NaN, 129.04138983062046,129.04138983062046,0.0, 132.49457609109467, 12.573046825680418, 0.11209954432702313, 12.573046825680418, 109.06367608910173, 0.19460108010517116, 0.11209954432702313, 0.19460108010517116, 18.721256220712387, 5.172159632087931, 3.2070144001977994, 5.0, 0.0
335, 0 ,1.0,1.0,1.0,281.7393570262464,14.956172296873039,7.068504332537988,9.847063189639412,8.471192840539347,4.612555291543288,38.0,30.0,19.0,0.9991407818763763,-0.0034480559110263292,0.04130143946520687,9.85368315568846,-0.0018384939448782475,-0.9992396311105033,-0.03894585418449439,8.475693501945791,-0.041404322618276916,-0.03883645875436751,0.998387405539524,4.590095407317365,38.552315512703046,30.288418285449,20.227216067778446,13.086529881807278,4.3294530338679085,15926.0,23619.090787714907, 0.0, 0.0,0.0,NaN, 24.639438408530282,24.639438408530282,0.0, 96.96465346075152, -0.16865055856335795, 3.1409243679746965, -0.16865055856335795, 71.76110814160508, 1.9648886113343966, 3.1409243679746965, 1.9648886113343966, 21.275666317543983, 4.800218673130308, 3.037296688611131, 3.0, 0.0
336, 0 ,1.0,1.0,1.0,237.01777613183964,124.80131469308397,8.783214517174336,8.606331207668664,10.793332669777778,5.615919487395904,44.0,47.0,22.0,0.0074734221713784865,0.9999570358659421,-0.0054840116017174905,10.793537082376918,0.9897606041879543,-0.008178737372395824,-0.14250282331409814,8.658368860426927,-0.14254155309433122,-0.004362874877050087,-0.9897792031378834,5.534954795988915,47.06174688420964,45.88676291890235,25.031783815817796,14.177888133217477,4.592494610499213,21602.0,54056.41805255893, -2.8421709430404007E-14, 0.0,0.0,89.57180046502792, 140.06881712128487,140.06881712128487,0.0, 74.06893685609157, 0.2828115525347585, -6.256214904851229, 0.2828115525347585, 116.49603012049228, -0.4191946714326673, -6.256214904851229, -0.4191946714326673, 31.538551688913078, 5.280049803329887, 3.3011749598075752, 5.0, 0.0
337, 0 ,1.0,1.0,1.0,75.49255473277528,191.81604153251772,84.97931423052157,8.439122891611058,7.7810563323174495,8.643101886400743,41.0,38.0,41.0,0.21719806821948742,0.3684063846689717,0.9039367980654734,8.804086551746053,-0.9695464225448651,-0.025930613371291777,0.24353097918056127,8.431180578844376,-0.11315800321752444,0.9293031470006575,-0.35155501316649784,7.60723978072185,39.84054957133503,40.5755632565274,37.20910620517239,13.846999523673995,3.837635631022598,24848.0,60150.48256311867, -1.4210854715202004E-14, 0.0,0.0,77.45548483640017, 156.92156810605968,156.92156810605968,0.0, 71.21879517971378, 1.903914507546513, 0.7361627951000635, 1.903914507546513, 60.54483764669748, 6.457600022042589, 0.7361627951000635, 6.457600022042589, 74.70321021870409, 4.115052139524464, 2.922519774941944, 4.0, 0.0
338, 0 ,1.0,1.0,1.0,152.72851646002565,76.59505486675218,130.8565626336041,8.04092801112438,9.114056850000665,9.054756633079746,37.0,41.0,42.0,-0.45955652177888673,0.8391799470206094,0.290834694988371,9.58107917729201,-0.13483725561256218,0.25774361630059306,-0.9567586648445706,9.004612919356264,-0.8778534717077586,-0.478900036306931,-0.00529503879645823,7.538636561106665,47.02320437725813,41.007178271796775,34.50337996243286,14.572262863436213,4.1665727244767305,28068.0,66532.48545004842, 0.0, 0.0,0.0,NaN, 211.3743888894491,211.3743888894491,2.6973983046972182E-6, 64.6565232800847, -14.32751467562144, -1.544712581300296, -14.32751467562144, 83.06603226504406, 2.5533950011951223, -1.544712581300296, 2.5533950011951223, 81.98861768430166, 4.330382798649068, 2.9018275473307313, 6.0, 0.0
339, 0 ,1.0,1.0,1.0,6.615489352431784,258.55144055334677,174.84232884919123,4.5384508150070975,9.262422830131472,10.836779507750357,17.0,40.0,45.0,-0.011910397769574747,-0.3168012365504614,0.948417165041349,11.015969729372745,-0.12885946052196365,-0.9400893883718985,-0.31563773745314133,9.107364919351527,-0.9915913381322767,0.1259718952411539,0.0296259978801179,4.419289278977544,49.7079516198187,41.51675962032658,19.331683230747693,14.152225675686783,4.851835838977208,18361.0,39895.047515010454, 0.0, 0.0,0.0,NaN, 132.00829681299913,132.00829681299913,0.0, 20.597535800238585, 8.066127678591927, 1.429052975071609, 8.066127678591927, 85.79247668414071, -11.776568792443756, 1.429052975071609, -11.776568792443756, 117.43579009959808, 4.946105470682539, 3.2367896544528536, 4.0, 0.0
340, 0 ,1.0,1.0,1.0,87.52255725366011,248.03354903850567,188.3174537610721,8.214817890046584,7.772732403954968,7.699109955618912,35.0,34.0,36.0,-0.9629689507206198,-0.24448192623160594,-0.11366348443591048,8.267781300635017,0.10337756162093162,-0.724175405886423,0.6818233358154774,7.984201990787516,-0.2490057824656675,0.6448244484007393,0.7226323761383399,7.420997711494447,38.132476645027566,35.97805398459475,33.70814100584272,13.197219778078368,3.6067001854776106,21789.0,46245.28753014407, 0.0, 0.0,0.0,NaN, 151.10824328329636,151.10824328329636,0.0, 67.48323296662942, 2.4781316557700994, 2.0656510843280596, 2.4781316557700994, 60.41536902349157, -3.9148220982764004, 2.0656510843280596, -3.9148220982764004, 59.276294108710246, 4.588099003954234, 2.8969784674134593, 5.0, 0.0
341, 0 ,1.0,1.0,1.0,65.78368192952703,65.99807801017523,200.11471641228567,8.939796830702615,8.583969138584417,7.762269543249829,41.0,40.0,36.0,0.8923338985128655,0.36673999241959476,0.26313873056793824,9.119252583592104,0.3606931905188662,-0.9298406475287934,0.07277906647213493,8.498599956040458,-0.27136808190749223,-0.029969120162426748,0.9620089479617839,7.646590947102637,43.302983446565065,40.675042046646745,36.56545471915757,14.105421466657605,3.859327306206964,26535.0,64404.58825745348, 0.0, 0.0,0.0,NaN, 136.60274150484855,136.60274150484855,0.0, 79.91996737424053, 3.4665147080612684, 6.158600799190488, 3.4665147080612684, 73.68452617216968, 1.451812720445727, 6.158600799190488, 1.451812720445727, 60.25282846206391, 5.015384508758385, 3.13885085062936, 6.0, 0.0
342, 0 ,1.0,1.0,1.0,206.75433262389785,7.0810276679841895,229.45401337792643,7.989979296458233,4.805091493890751,8.218859329890508,35.0,19.0,40.0,-0.6203711140769039,0.06177910484878246,0.7818714875368353,8.592950157386372,0.7822913038912238,-0.022710175399041164,0.6224986456125935,7.600205544864764,-0.05621384771699645,-0.9978314437506106,0.03424051967220162,4.782928535479187,39.01309636020051,34.582052605681895,20.608949372311958,11.854337666551015,3.735371547037065,13156.0,27804.624855224258, -2.8421709430404007E-14, 0.0,0.0,51.656759743391106, 117.13936855614008,117.13936855614008,0.0, 63.839769157831206, -2.572979520908708, -7.730360957931108, -2.572979520908708, 23.088904264661252, 1.9684571099978885, -7.730360957931108, 1.9684571099978885, 67.54964868452825, 4.484907898108406, 3.0077939212971594, 8.0, 0.0
343, 0 ,1.0,1.0,1.0,7.0460773839936826,220.334571972688,247.0502113428399,4.781880364897637,9.391127611478415,12.352887808984072,19.0,44.0,57.0,0.04992520909174894,-0.28990472206878487,0.9557524395047944,12.622363564054636,0.06843274087536112,-0.9537039007036694,-0.2928580368692152,9.060075222310067,-0.9964057574469504,-0.08002575775852061,0.027774891930370537,4.716404338425857,54.72751509723204,41.26767644672941,20.795394246166172,15.253996904837233,5.564986369060737,21529.0,46965.92763305618, 0.0, 0.0,0.0,NaN, 95.91614956884985,95.91614956884985,0.0, 22.866379824193558, -5.889493027865026, 5.341641058474797, -5.889493027865026, 88.19327781507228, -21.268181165055328, 5.341641058474797, -21.268181165055328, 152.59383722134731, 4.701041756615259, 3.1432416112070793, 5.0, 0.0
344, 0 ,1.0,1.0,1.0,240.8382454923717,160.2748786407767,290.48170943134534,10.136918791255473,11.73413645635636,5.057386873445019,50.0,52.0,21.0,0.4144821871078732,0.9064582341048608,-0.0808578159102209,12.162851766925217,0.9100461139766337,-0.41328079508094856,0.03185992550660878,9.66372261604772,0.004537290634452042,0.08678971275880766,0.9962163212640829,4.970085013406277,55.41527880805344,47.25100865567529,22.509981320011036,15.386826881286487,5.410157250017438,23072.0,58940.76128484324, 0.0, -2.8421709430404007E-14,0.0,24.979595592867955, 152.0323011422898,152.0323011422898,0.0, 102.75712258050832, 20.467009669183, -2.138577513965798, 20.467009669183, 137.6899583763914, -9.936676543585016, -2.138577513965798, -9.936676543585016, 25.57716198769398, 4.1866352166153815, 3.030165003491301, 9.0, 0.0
345, 0 ,1.0,1.0,1.0,220.28333505741182,179.49267266645978,240.87334919485534,8.557786533272852,9.372481453947264,8.418860055499007,43.0,43.0,41.0,0.363116657397001,0.9127471473130169,-0.1871869071083214,9.5183225111677,-0.6522527449687571,0.3924758373038519,0.648482130681611,8.643598978350223,0.6653665529627641,-0.11338148969117717,0.7378563464481814,8.163703624127322,43.31466502886971,39.53405885626658,39.68991703447148,14.660053255515484,4.127851999911506,29001.0,67965.19319294338, 0.0, 0.0,2.8421709430404007E-14,79.21133936917941, 156.11765898217726,156.11765898217726,0.0, 73.23571034906617, 5.873856373907822, -5.039664505848979, 5.873856373907822, 87.84340860458543, -2.039530129860767, -5.039664505848979, -2.039530129860767, 70.87720463407673, 4.573284276131659, 2.990835612332874, 10.0, 0.0
346, 0 ,1.0,1.0,1.0,103.51975163937023,102.54575981246238,273.9851110336744,9.774473124415236,8.344370859475562,9.878446786135369,44.0,41.0,44.0,-0.6766216900819443,-0.2090704575387386,0.706025943075179,11.543833886332546,0.4108791601542287,-0.9028847100453214,0.12640219981207518,8.218652137436447,0.6110330631492941,0.3756178166047491,0.6968140724665887,7.8705919126493065,55.40554727294048,39.66989852455431,38.1577492900725,15.481400654648306,4.80403940211675,31567.0,83868.15492629213, 0.0, 0.0,0.0,NaN, 148.01603387107212,148.01603387107212,0.0, 95.54032485991573, 8.010698474892445, -33.77668821014006, 8.010698474892445, 69.62852504046494, -11.165694962718376, -33.77668821014006, -11.165694962718376, 97.58371090650819, 4.754038868604095, 3.084476781287682, 6.0, 0.0
347, 0 ,1.0,1.0,1.0,250.22800077815964,287.6111795603398,291.1801439595357,11.564505300518915,7.286616633424956,4.598133166356725,53.0,28.0,17.0,-0.9991818688757778,0.03938769268980194,0.009176196079057217,11.57033722892112,-0.039421290890031095,-0.9992165148406152,-0.0035097427738106325,7.278031764868536,-0.009030765995814587,0.003868608838905837,-0.9999517384009992,4.597058131282601,53.093154520643765,28.859369786213165,17.40682146260133,13.47720689324703,5.132279004535968,15421.0,26671.34072565257, -2.8421709430404007E-14, 0.0,0.0,2.3178146378815896, 52.04348795958563,52.04348795958563,0.0, 133.7377828457301, -3.182861509250681, -1.0292708748931436, -3.182861509250681, 53.09478196250523, 0.15239888343014923, -1.0292708748931436, 0.15239888343014923, 21.142828615549718, 4.835403844724794, 3.1204069229125717, 3.0, 0.0
348, 0 ,1.0,1.0,1.0,280.61942037088807,245.95964961326996,11.202311061410866,9.573203838805828,7.617580959714716,6.758937333078217,36.0,32.0,25.0,-0.9719119166892892,-0.21756467851946998,0.08973760002403058,9.6786793606412,0.2335331236908516,-0.9387897860980889,0.25325089863038736,7.563750085926139,0.029146291986228645,0.2670942683372767,0.9632295393543687,6.668572243079002,40.68618657156429,34.590474747816444,30.27742159912782,13.420091966729899,3.906166521557048,21462.0,42611.06581413815, 0.0, 0.0,0.0,NaN, 58.49323131608914,58.49323131608914,NaN, 91.64623173932665, 7.611798436361452, -3.538184849985795, 7.611798436361452, 58.02753967780818, -3.989739941329695, -3.538184849985795, -3.989739941329695, 45.683233872478475, 4.597293517462317, 2.9861939287654145, 0.0, 0.0
349, 0 ,1.0,1.0,1.0,198.35262035594192,263.63737390305914,12.482530960387107,8.030269606304762,9.147022380513961,7.883920253548183,36.0,40.0,30.0,0.03873244007782771,-0.9575429145179913,0.285677029076558,9.257107614527618,-0.8511759342359428,-0.18137797797779484,-0.49254599590521103,8.189224072246711,0.5234494503418521,-0.2240839038420156,-0.8220626964993212,7.586304413313664,43.4148032070342,40.93257121871682,36.02871011786947,13.93178393337887,4.02676587070978,24386.0,64025.88303446983, 0.0, 0.0,0.0,NaN, 108.67494625876849,108.67494625876849,NaN, 64.48522994994202, 0.4246789882553367, 4.298971388158439, 0.4246789882553367, 83.66801842962329, -6.848477762539847, 4.298971388158439, -6.848477762539847, 62.156198564307246, 4.512489453981011, 2.966887461671178, 2.0, 0.0
350, 0 ,1.0,1.0,1.0,222.94549828814658,262.52637179605813,33.228648098454705,7.114094162564663,8.628940451163162,7.939084091888073,33.0,39.0,38.0,0.19423134163960815,-0.8514767199004951,0.48709504348984284,8.957147185800688,-0.27572443544862546,-0.5239210933973393,-0.8059049097690584,7.698054086647243,-0.941408636895485,-0.022227985982330913,0.33653483477606694,6.971906687024956,39.059524401605984,36.29362788474853,32.572847213058424,13.218132570253193,3.65772834377295,21614.0,46175.654001615214, 0.0, 0.0,0.0,NaN, 91.90109955425031,91.90109955425031,0.0, 50.610335753836615, -3.691076803194395, 5.358903833625373, -3.691076803194395, 74.45861330971991, -8.617809263260824, 5.358903833625373, -8.617809263260824, 63.029056218070274, 4.434409269435152, 2.97330747476457, 5.0, 0.0
351, 0 ,1.0,1.0,1.0,93.79522291563777,226.15902662416377,48.70740358281327,8.341203456917638,7.717916422319493,8.061659491282425,34.0,34.0,34.0,-0.7882040383398373,0.09421269969643434,0.608159815476723,8.750210133597768,-0.044466035820296915,0.9769110931834695,-0.20896767135972596,7.711326477832006,-0.6138054786356995,-0.191751618587661,-0.7658160034667673,7.622435918730811,43.27896258035407,35.75941296009128,37.169296333477476,13.409702389920175,3.7831395135204327,22273.0,57524.32906421218, 0.0, 0.0,0.0,NaN, 128.92805883384804,128.92805883384804,0.0, 69.57567510969476, -1.4303721800919884, -8.838438120539843, -1.4303721800919884, 59.56623390190892, 0.7797053162877104, -8.838438120539843, 0.7797053162877104, 64.990353753384, 4.709507315495925, 2.866445392874557, 5.0, 0.0
352, 0 ,1.0,1.0,1.0,89.02921154053956,263.7890717861903,86.67888916903793,8.231354013791247,9.262629464235319,8.375903387273256,37.0,44.0,35.0,-0.20627284054085498,-0.8700937665390962,0.4476475764315221,9.731189543683984,0.781221981851106,0.1290278334590193,0.6107733075908784,8.48366321589003,-0.5891890446434296,0.47569807191398167,0.6531214389755423,7.5523942924918215,45.864432999978476,44.179311329318296,35.83682390479835,14.405754340764949,4.022622641826956,27763.0,72614.68927814985, -1.4210854715202004E-14, 0.0,0.0,78.095979925427, 129.4243472350322,129.4243472350322,0.0, 67.75518890035728, 8.263950681893084, 3.64850415603176, 8.263950681893084, 85.79630459172029, -13.490488240684577, 3.64850415603176, -13.490488240684577, 70.1557575529356, 4.789184277759601, 3.082833093067063, 3.0, 0.0
353, 0 ,1.0,1.0,1.0,108.16649581411242,75.79301213053135,88.4264906885358,7.2597313261999865,9.664456237577188,7.882884228845242,34.0,46.0,36.0,0.016048464146829946,-0.9997565732768616,-0.015140706332113514,9.665239650599956,-0.4037897486469777,-0.020333235965904015,0.9146258242597161,8.026237775375515,0.9147110394469603,0.008564677744214813,0.40401777264001537,7.099853993684419,46.21682072353205,40.404775479676736,36.18577814714041,13.83577404578047,4.100808897782476,23412.0,67572.60797546223, 0.0, 0.0,0.0,NaN, 158.94595232346427,158.94595232346427,0.0, 52.70369892860941, -0.5750111602943495, -5.185522838882323, -0.5750111602943495, 93.4017143680446, 0.39043114115165406, -5.185522838882323, 0.39043114115165406, 62.13986376537705, 4.99202844675827, 2.973286901576871, 7.0, 0.0
354, 0 ,1.0,1.0,1.0,53.57876738944587,50.441905650112695,110.94466464599363,8.371753754110763,7.396083670588714,9.695774940680346,42.0,35.0,44.0,0.4902807905048083,-0.0702657185215892,0.868727503456996,10.238179543537496,0.718355502603452,-0.5318571528894086,-0.4484343216121106,7.92860333170196,-0.4935484964431783,-0.8439139160607658,0.2102835798098871,7.149356273466628,44.47178234819697,34.30980399366238,34.61041754993841,14.209067129599807,4.1108122784504575,25734.0,52809.20277891936, 0.0, 0.0,0.0,NaN, 133.13072062450203,133.13072062450203,0.0, 70.08626091946765, -6.339229919669655, 19.09000407097889, -6.339229919669655, 54.70205366234903, -0.47609102177040463, 19.09000407097889, -0.47609102177040463, 94.00805170032498, 5.185645333788534, 3.059955619851825, 5.0, 0.0
355, 0 ,1.0,1.0,1.0,269.4918107647345,223.3185582075012,101.75185703848027,9.830324696708107,9.908062836552059,8.624705510266937,49.0,47.0,40.0,-0.32111240335156666,0.7528445192407773,0.5745537000689345,10.708224763202677,0.8819867839616583,0.45870553576403483,-0.10811357165684993,10.040437652632276,0.3449436726927337,-0.4720321613074178,0.8112949533681912,7.3289884785650505,49.41563743728494,46.88699670023357,36.0613281667966,15.699299283591223,4.766816543443189,32848.0,83552.32420755777, 0.0, 0.0,0.0,NaN, 131.01234116132144,131.01234116132144,0.0, 96.63528364270933, 4.318853268321262, -15.736277717262812, 4.318853268321262, 98.16970917306404, 24.029151484088636, -15.736277717262812, 24.029151484088636, 74.38554513882887, 5.194881750965701, 3.2829795627653784, 12.0, 0.0
356, 0 ,1.0,1.0,1.0,50.53819898023682,225.1366988327504,127.98659980616071,8.140273212887944,8.24958463074695,8.05436873411686,36.0,38.0,37.0,-0.2626021950730686,0.9187647248062857,0.2948075093928842,8.294680662692596,0.8767399272257,0.09960751487702277,0.4705373980761756,8.157681916577095,0.40294811967681365,0.38203366792948135,-0.8316748700166834,7.990184523359965,38.156628061859465,41.914460137801086,36.75220928134242,13.608261498069233,3.742695454563928,23731.0,58778.33995713053, 0.0, 0.0,0.0,NaN, 156.6499063126648,156.6499063126648,1.9073486328125E-6, 66.26404798046102, -0.9601751924439864, 0.7319180513132848, -0.9601751924439864, 68.0556465798563, 1.469869378821576, 0.7319180513132848, 1.469869378821576, 64.87285570511924, 4.484204158559269, 2.934003898233707, 4.0, 0.0
357, 0 ,1.0,1.0,1.0,178.1186352895478,45.844527886576245,139.3919658174991,9.187519808763616,9.004123088406626,8.780852973967866,44.0,41.0,43.0,0.7566058591609147,0.4204584921942287,0.500761650114234,9.8554263820053,-0.160727546280267,0.8619350903451792,-0.48086854326143286,8.877666751886835,-0.6338093007759504,0.28334176602365535,0.7197244013346339,8.163683950849544,47.533426397208956,40.487620666954214,36.63826246721166,14.99153065580522,4.2239957829157735,30893.0,70510.8980381099, 0.0, 7.105427357601002E-15,0.0,65.136462600927, 190.75352666541232,190.75352666541232,0.0, 84.41052023642382, 8.01190578110568, 12.490028332595191, 8.01190578110568, 81.07423259117726, 1.375282809097515, 12.490028332595191, 1.375282809097515, 77.1033789504403, 5.243730489622218, 3.3392956011130512, 6.0, 0.0
358, 0 ,1.0,1.0,1.0,58.77140995169823,166.5246492371387,134.87403204784175,8.562800279652919,7.519484900443759,9.439059248903312,44.0,36.0,45.0,0.2709504981944302,0.13525112655305085,0.9530440495036528,9.563707134767899,0.9444005580140803,-0.228931225486829,-0.23600440678045156,8.517198382040487,0.18626168030726037,0.9640008437564924,-0.18976026898665196,7.413020899936104,46.12805710417459,41.54616844043365,33.36630102675707,14.224919044744702,4.075747719374888,26086.0,63944.64841525334, 7.105427357601002E-15, 0.0,0.0,74.27916514779825, 198.64730657580452,198.64730657580452,0.0, 73.32154862922411, -2.4649435175550907, 5.507852990158589, -2.4649435175550907, 56.542653168001685, 5.65671231285897, 5.507852990158589, 5.65671231285897, 89.09583950430718, 3.934270883168827, 2.8746767051702857, 5.0, 0.0
359, 0 ,1.0,1.0,1.0,120.71651051939513,113.16699539776462,152.33851084812622,9.110034867786988,7.7451213958550555,8.153899944471563,42.0,37.0,41.0,-0.8280179332587192,0.44421726956196245,0.3421364049978811,9.816240078089118,0.2931410211813029,-0.17719475636633927,0.9395053805152245,7.907552426721371,-0.47796929179890035,-0.8782215186040412,-0.01650213192497477,7.111805001632832,44.29954757503613,40.22620130410854,33.85047026966751,13.905366921044605,4.013289900366023,24336.0,60321.62327073415, 0.0, 1.4210854715202004E-14,0.0,63.62672923070557, 221.77276689865656,221.77276689865656,0.0, 82.99273529229468, -17.4598906455795, -9.677909831474958, -17.4598906455795, 59.98690543653177, 4.968248352778407, -9.677909831474958, 4.968248352778407, 66.48608430445336, 4.235940702800822, 2.938781007980966, 7.0, 0.0
360, 0 ,1.0,1.0,1.0,90.29377338222766,169.98948031262734,179.12338407971257,9.03001929174511,7.738740151811826,9.087169908624075,43.0,36.0,44.0,0.7165525321962442,-0.10088061849616524,0.6901996590950921,10.074677228257405,-0.477513646622835,0.6503354886784318,0.5907998556654758,8.578082270113708,0.5084615874302718,0.7529188887106072,-0.4178276691779413,6.994525559918182,45.53776433908786,39.8579874072546,34.42396366568386,14.388506773933203,4.120300633598295,26997.0,62480.99623174968, 0.0, 0.0,0.0,NaN, 199.165401155227,199.165401155227,0.0, 81.54124840928884, -11.458553482218312, 19.04509541296445, -11.458553482218312, 59.88809913726453, 5.814129017247779, 19.04509541296445, 5.814129017247779, 82.57665694820287, 4.707429090255842, 2.93287615620743, 6.0, 0.0
361, 0 ,1.0,1.0,1.0,247.14481934905942,131.04589856247068,174.68766796058526,8.131641332797303,7.533821175779889,8.643959970453583,37.0,34.0,38.0,0.2909428034865922,-0.020551075294772285,0.9565197010012867,8.691588254595562,-0.8823138388688694,0.38084124469117625,0.27655421906482364,8.188699744700893,0.3699656400800499,0.9244120291549133,-0.09267052127756034,7.416305437911984,40.338743585682096,39.47977657091283,35.59316184698548,13.55234448162571,3.732834753378945,23443.0,56684.40898703066, -2.8421709430404007E-14, 0.0,0.0,73.08559128113825, 188.86470875429706,188.86470875429706,0.0, 66.12359076525749, -4.172965303911097, 2.7756416531081043, -4.172965303911097, 56.758461508629466, 0.8656771434718538, 2.7756416531081043, 0.8656771434718538, 74.71804397080392, 4.927013690246483, 3.104649853160539, 4.0, 0.0
362, 0 ,1.0,1.0,1.0,109.41595460839609,26.324766118409944,216.31385727312642,8.852888786970247,9.846714414543094,7.824915293269786,40.0,47.0,38.0,-0.18663813998492937,0.9456476562835741,0.2663019242670779,9.987427251412907,-0.906929675454673,-0.27005234380710547,0.32334238105137186,9.025579800986977,-0.3776834236270469,0.18116909717076946,-0.9080379891544629,7.439820571534801,47.21783010240431,43.79156788041101,34.02409607063524,14.800246644551367,4.184904209576325,29609.0,70353.08008809094, 0.0, 0.0,0.0,NaN, 140.24341310221394,140.24341310221394,0.0, 78.37363987446355, -1.4410760077792817, -9.86343565050573, -1.4410760077792817, 96.95778476157072, 8.900670352312316, -9.86343565050573, 8.900670352312316, 61.22929934684738, 5.120829641169789, 3.017760178265219, 4.0, 0.0
363, 0 ,1.0,1.0,1.0,131.9441926923862,232.18824249846907,247.30422535211267,8.718281879055025,8.040952066663198,8.184973493359504,36.0,37.0,39.0,0.725757136513035,-0.5682887797665649,0.3877169606708333,9.491920183941552,0.5408762970125808,0.12308130108074267,-0.8320479701641188,8.082921376808953,-0.4251228177013771,-0.8135716662444066,-0.39670106346459627,7.22696155974555,45.75407585576448,38.40173227844787,33.650752065264896,13.869586462714743,3.910717517453114,24495.0,59125.5751219611, 0.0, 0.0,0.0,NaN, 157.43109320090775,157.43109320090775,1.9073486328125E-6, 76.00843892265922, -14.74568983484765, 4.757945542206033, -14.74568983484765, 64.65691013837515, -9.685600453096388, 4.757945542206033, -9.685600453096388, 66.99379108699767, 4.758755854044089, 2.8568563587763505, 5.0, 0.0
364, 0 ,1.0,1.0,1.0,6.147761616924821,186.23361352474498,244.9695882130714,4.237498858565511,10.921248723573076,11.601697175506605,18.0,50.0,49.0,-0.017440176088590192,-0.290921268948646,0.9565880281141451,11.669719202418662,-0.012821836383241036,-0.9565897945018594,-0.2911555693553738,10.850948980373282,-0.9997656929349797,0.01734301958137822,-0.012952949549796334,4.231312748153432,53.224137425372334,48.408929596565855,18.545499987222357,15.51897225814545,5.566951379485324,21176.0,47782.91693436637, 0.0, 0.0,0.0,NaN, 126.52640786007699,126.52640786007699,0.0, 17.956396576344005, 1.8246610918526982, -1.6005308612910942, 1.8246610918526982, 119.27367368214654, -5.109064643467289, -1.6005308612910942, -5.109064643467289, 134.59937735215792, 5.0494093504218185, 3.2668976053519767, 7.0, 0.0
365, 0 ,1.0,1.0,1.0,176.90101299782597,73.73694435450298,256.006105740321,8.280547781843204,7.1006228355389345,8.582151431306059,34.0,33.0,44.0,0.4240612623856279,0.07413757533671075,0.9025938542152284,8.671811451334435,-0.904259700241,-0.02021311316005639,0.4265041905731229,8.195387771623702,-0.049864218272861464,0.9970431535192309,-0.05846802336717155,7.090482694080827,41.22839234452988,38.12522241671631,32.14409837465439,13.34485535022521,3.815032777240813,21619.0,50525.43192041469, 0.0, 0.0,0.0,NaN, 150.08650937320215,150.08650937320215,0.0, 68.56747156738841, 1.092329012379689, 3.026553785294891, 1.092329012379689, 50.41884465257697, 1.5223055342616838, 3.026553785294891, 1.5223055342616838, 73.65332318986864, 4.087965187446787, 2.756271964574512, 7.0, 0.0
366, 0 ,1.0,1.0,1.0,205.91383607005088,170.21144983443142,270.7461850954153,8.506044812716906,8.564594445113624,9.53822689891158,42.0,38.0,47.0,0.08862150277456732,0.2909657185805383,0.9526201655732934,9.65983008051806,0.7333224043504355,-0.6662848164520746,0.13528782148856353,8.812165619366919,0.6740804703621622,0.6865883002035031,-0.2724188420428922,8.106557139298147,47.54398104446199,43.94807106712171,39.78326994746132,14.79268612609446,4.226024836083169,29293.0,83125.80017841488, 0.0, 0.0,0.0,NaN, 162.95109598773882,162.95109598773882,0.0, 72.35279835594818, -5.121336176489085, 3.514094533875963, -5.121336176489085, 73.35227800927113, 6.57297407295256, 3.514094533875963, 6.57297407295256, 90.97777237512041, 3.6530550497442915, 2.724585697612886, 8.0, 0.0
367, 0 ,1.0,1.0,1.0,129.80159889026794,239.88625246404322,18.632437760093453,7.4235946309700696,9.137051539601508,9.688274935963936,29.0,40.0,39.0,0.26581126991384124,0.33421163261955544,-0.9042383277701526,9.964851089504936,-0.06162857306637768,0.9419546547375925,0.33003537295263435,9.029500188777131,-0.9620531626519362,0.03200020374862614,-0.27097914899758085,7.185263281327618,47.895154176588974,41.83558297029538,31.43790387838645,14.630457987122524,4.290435689315688,27394.0,62992.81009139677, 0.0, 0.0,0.0,NaN, 144.25423894697343,144.25423894697343,1.9073486328125E-6, 55.10975724496764, 2.498933421262873, -12.066098443962053, 2.498933421262873, 83.48571083733428, -5.109816892003691, -12.066098443962053, -5.109816892003691, 93.862671234827, 3.9376471827530537, 2.7659508901287, 3.0, 0.0
368, 0 ,1.0,1.0,1.0,112.82101902801698,234.55084638971732,206.06808921745704,8.66147466939089,7.432806775374754,8.647375828737323,41.0,35.0,42.0,-0.6548585989932766,0.31362760105253185,0.6876030418654334,9.573626289223258,0.7531206592789069,0.19496380862712756,0.6283298384550182,7.912955534907817,-0.06300387203868905,-0.9293152539282022,0.3638731522446988,7.125705797242297,44.63542593332575,36.506980101299064,35.50161572414805,13.772072384658504,3.9210828815139323,23807.0,57850.04635575492, 1.4210854715202004E-14, 0.0,0.0,49.09107094821472, 160.7338729269041,160.7338729269041,0.0, 75.02114344850003, -6.657363108892932, -12.804547899542658, -6.657363108892932, 55.24661656005684, 10.2658494561376, -12.804547899542658, 10.2658494561376, 74.7771087234305, 4.665956844400017, 2.9488405094522725, 5.0, 0.0
369, 0 ,1.0,1.0,1.0,275.24515591886166,247.27047381168634,277.80563124432337,8.942629826576088,9.00151769183564,8.166114557303601,42.0,41.0,38.0,0.5378564162710898,0.6188433146233868,0.5724888011323543,10.45176686584502,0.7687698434702644,-0.6387338806476656,-0.031811279186459734,8.51732744909055,0.34598179612043956,0.4572220266552277,-0.81929519411172,6.774885861887043,49.4237269595709,41.00847567453874,31.480230701550596,14.463327801078142,4.30064237680574,26424.0,63803.87045004183, 0.0, 2.8421709430404007E-14,0.0,51.76828370604427, 62.336147153866364,62.336147153866364,0.0, 79.97062821516828, 7.998632706929146, 18.851919497399077, 7.998632706929146, 81.02732075643002, 22.981689127188304, 18.851919497399077, 22.981689127188304, 66.68542696300578, 4.488777026394227, 2.838260942975498, 4.0, 0.0
370, 0 ,1.0,1.0,1.0,162.67893287835898,74.76497731590989,30.887626507425647,9.272994542665915,9.12306911035504,7.1284540248651425,42.0,40.0,33.0,-0.6776871839251011,0.7057459071954015,0.20654974030631415,10.068545007746021,-0.725175603220678,-0.5948407330369656,-0.3468210587804197,8.58546895499715,-0.1219033438310543,-0.38482101917253037,0.9149056552267139,6.704311956868878,46.56366713801275,41.160260318911725,30.77039719105059,14.24675462537898,4.130817983098024,25789.0,58973.70201844037, 0.0, 0.0,0.0,NaN, 159.37666949631299,159.37666949631299,0.0, 85.98842778831184, -14.580906115951175, -0.6646032230220517, -14.580906115951175, 83.23038999231429, 14.15936656177122, -0.6646032230220517, 14.15936656177122, 50.814856784616055, 4.941145162033431, 3.1011045117158975, 5.0, 0.0
371, 0 ,1.0,1.0,1.0,130.40763970379962,61.53477926597338,137.9431877958969,8.256444525567623,8.57349459100065,8.36027238301425,42.0,43.0,39.0,-0.061559289755317124,0.7629398590301071,0.6435318370896198,9.12429286833368,-0.9664354705735722,0.11556134528911216,-0.22945164347245192,8.287087879824483,-0.24942520935554907,-0.6360568740121365,0.7302182673419296,7.72264813058481,44.04289461279673,41.397548134008076,38.59737573864908,13.97732025107043,4.025215351121096,24713.0,70373.35426684955, 0.0, 0.0,0.0,NaN, 199.55200979123754,199.55200979123754,0.0, 68.16887620377558, -2.1182521881364345, 1.0683982577645181, -2.1182521881364345, 73.50480950191739, 11.354017322438652, 1.0683982577645181, 11.354017322438652, 69.89415431819076, 4.16368862719329, 2.8567555953592314, 7.0, 0.0
372, 0 ,1.0,1.0,1.0,49.385797230906654,250.78280482358196,147.31661456007146,8.755432138920069,7.60355567800414,7.597902085164085,42.0,36.0,36.0,-0.976267358652886,-0.0813449383465254,-0.20071134854391526,8.800483351930497,0.1960106729512849,-0.7260022125462233,-0.6591665976573547,7.899626007312751,-0.09209701687949227,-0.6828643997042083,0.7247167385251357,7.235134324977417,42.60361785712773,36.5938231563176,35.15134317418581,13.364654584494096,3.6858886066513614,22390.0,54801.972455413634, 0.0, 0.0,-2.8421709430404007E-14,78.42144016691213, 162.9830487952858,162.9830487952858,0.0, 76.65759193923445, 0.5622658300089428, 3.6191640656588913, 0.5622658300089428, 57.81405894850899, 5.222630487075791, 3.6191640656588913, 5.222630487075791, 57.72811609574075, 4.064861005201251, 2.798934065912232, 4.0, 0.0
373, 0 ,1.0,1.0,1.0,191.3648112137417,209.3403014098201,170.6197536865986,7.663662570342523,8.038352677276817,9.111454075479786,38.0,39.0,40.0,0.161312001550347,0.07490367443192664,0.9840568467890546,9.15831008824881,-0.37293002681284176,0.9278109406324266,-0.00948965458507569,8.105810222295776,-0.9137295186526446,-0.3654535510832622,0.17760086920800577,7.5356904191676355,41.02728825612459,38.87224015713976,36.34566342239617,13.84009631073213,3.8493073708886842,24684.0,57964.88551393049, 0.0, 0.0,0.0,NaN, 191.72906229156982,191.72906229156982,0.0, 58.73172399206897, -2.7582407306526546, 4.331515072604905, -2.7582407306526546, 64.6151137642834, 1.9181278979327117, 4.331515072604905, 1.9181278979327117, 83.0185953695772, 4.267263368226067, 2.8437054944829274, 5.0, 0.0
374, 0 ,1.0,1.0,1.0,160.9825470960245,289.6187400835773,223.67784754966593,13.659979440278605,6.4164514382602444,13.305653765919345,64.0,27.0,62.0,-0.7580419206343247,-0.016777382710557592,0.6519900045172533,14.684331300136241,0.6429426848056436,0.14866155075413645,0.7513484194315488,12.268996040693603,0.10953150512950702,-0.9887458029022217,0.10190479197420509,6.2167885542451575,72.44188776331586,59.45651673058484,30.661946266706764,19.01982737143689,6.5614385821732775,44749.0,132065.36612730942, 0.0, 0.0,0.0,NaN, 158.92983899826177,158.92983899826177,0.0, 186.59503830883418, 12.944406266179689, -33.424179335040165, 12.944406266179689, 41.17084905955196, 10.56065514413397, -33.424179335040165, 10.56065514413397, 177.04042213852364, 5.455906805948118, 4.164937322360432, 8.0, 0.0
375, 0 ,1.0,1.0,1.0,210.47861842105263,115.26075932017544,290.9483278508772,8.531310563644096,9.230534620463422,4.939012920549542,38.0,42.0,19.0,-0.45587016188904533,-0.8898523105432717,0.018581198025322272,9.482961503356384,0.86818280999725,-0.4399762450713611,0.22952017819395606,8.40576849987888,-0.19606377514608658,0.12076327750482094,0.9731265215180189,4.668658800402874,47.02139523458865,36.71200441835842,22.170565263148376,12.765403775161936,4.40730579825767,14592.0,38271.93096056787, 0.0, 0.0,0.0,NaN, 146.22261510300694,146.22261510300694,0.0, 72.78325993334533, 8.973742935025685, 9.159119948565865, 8.973742935025685, 85.2027693795738, -6.060607694119199, 9.159119948565865, -6.060607694119199, 24.39384862935532, 4.389805021019767, 2.86855560222535, 4.0, 0.0
376, 0 ,1.0,1.0,1.0,185.00723086437372,98.69616098187527,44.412349555206696,7.736149198392852,7.279683112806789,8.68899764555505,36.0,31.0,39.0,0.43964924184824,0.299722585045484,0.8466846615806386,9.111905430711914,-0.7574927660139416,-0.38279286445493615,0.528842445685795,7.518765020997968,-0.48261087179923307,0.8738626865452249,-0.05874309734042376,6.984398521556462,41.52201530908951,36.05185759082988,33.272637110333335,13.201416497111923,3.7500764254780816,21021.0,49807.33380519958, -2.8421709430404007E-14, 0.0,0.0,63.918496467677635, 157.91366609338647,157.91366609338647,0.0, 59.84800441979436, 6.759772776307266, 9.642896287883998, 6.759772776307266, 52.993786222884346, 7.1214821658867, 9.642896287883998, 7.1214821658867, 75.49868008446121, 4.460303888811574, 2.8111553512453225, 5.0, 0.0
377, 0 ,1.0,1.0,1.0,136.09650818193532,59.808443929046945,105.14242150925568,8.601976127889275,7.029941486693974,8.927424621671483,38.0,28.0,38.0,-0.4265790129231686,0.10086621753232088,-0.8988082954079908,9.082674698113268,-0.8840178407158984,-0.2565366185085752,0.39077029142475384,8.559208619697591,0.1911617195714049,-0.9612569737197794,-0.19860067332613796,6.881711205760656,41.18787277579828,41.70813096314046,31.5356067847513,13.705701161284065,3.9072671606005196,23283.0,54174.04734106836, 0.0, 0.0,0.0,NaN, 182.0830533173242,182.0830533173242,0.0, 73.99399330477695, 4.362299810653016, 4.524158350243182, 4.362299810653016, 49.42007730634108, -5.782107119731842, 4.524158350243182, -5.782107119731842, 79.69891037562621, 4.9923426978332, 3.0416414037042423, 8.0, 0.0
378, 0 ,1.0,1.0,1.0,171.68112924716854,65.23396902065289,108.9873417721519,9.242833278416756,7.60320488478528,7.7952653720681155,41.0,35.0,38.0,-0.9943622691790214,0.09070251015352315,-0.05492478752801566,9.255472597202358,-0.09972608296364809,-0.6239327601688912,0.7750887814726496,8.159702805433772,0.03603312378736019,0.7761964734781257,0.6294606012692503,7.194465295143737,42.151054160724726,39.27601786977558,35.80303998215405,13.752950917306709,3.8550220258456056,24016.0,59272.84768893196, 0.0, 0.0,0.0,NaN, 180.553161069058,180.553161069058,0.0, 85.42996701260823, -2.135628965682876, 0.7060735880721484, -2.135628965682876, 57.80872452002274, -7.336103989745193, 0.7060735880721484, -7.336103989745193, 60.76616222096426, 4.658570832825408, 3.00793926982369, 6.0, 0.0
379, 0 ,1.0,1.0,1.0,51.54638836772983,260.26674484052535,117.77757973733584,7.990936827674111,7.416938495495434,8.192825314727118,37.0,35.0,36.0,0.46253610828202085,-0.42462644783218634,0.7783011809940555,8.779955417186377,-0.8774872937768494,-0.34479017420803537,0.3333703421568483,7.778245672508151,0.12679273557859713,-0.837145217731674,-0.5320822179264061,6.956990139262944,40.786256691852486,37.417198760890955,29.920895641968684,13.147252155129003,3.6246648723622434,21320.0,45662.502448586616, 7.105427357601002E-15, 0.0,-1.4210854715202004E-14,59.6839511471389, 134.56344231666063,134.56344231666063,0.0, 63.85507138387839, -1.9731853024052266, 6.787428407118897, -1.9731853024052266, 55.010976645962074, -10.871955720742479, 6.787428407118897, -10.871955720742479, 67.12238663763351, 4.994489971590254, 2.8477290179570693, 2.0, 0.0
380, 0 ,1.0,1.0,1.0,98.75906660184735,99.65328147788041,173.78118619348567,7.818200267602778,7.457998429123045,8.000121897032026,36.0,35.0,36.0,0.08843043251198673,0.42133720078615144,-0.9025824183083966,8.119219500105082,0.9048106919666464,0.3449381465029197,0.24967035624993378,7.941161617663028,-0.4165305154590497,0.8387446800551529,0.35072737470947146,7.194732325235328,38.32605348300365,37.839730784156274,37.0048851814807,12.96633841347081,3.552747459061778,20570.0,53666.243917646476, 0.0, 0.0,0.0,NaN, 188.72021275979242,188.72021275979242,0.0, 61.124255424344156, 4.053605396420755, 1.422243985168521, 4.053605396420755, 55.6217405688018, -4.411015073799722, 1.422243985168521, -4.411015073799722, 64.00195036737131, 3.903990324204502, 2.7904555756038194, 6.0, 0.0
381, 0 ,1.0,1.0,1.0,118.6440718334683,250.0257704949269,181.73891297099033,7.211262754863345,8.76978965550114,7.81705012533849,31.0,43.0,36.0,0.32056177242565215,-0.8978647875236466,0.3017929313029733,9.067661195594951,-0.058122939619761275,-0.3366511516703194,-0.9398338821137521,7.7003068607067044,-0.9454426867606955,-0.2837337227122723,0.16010403070052134,6.964236388601646,46.48710745794722,34.86796647766093,31.959561467794146,13.24235438175505,3.828556413514252,20993.0,51803.601685774076, 1.4210854715202004E-14, 0.0,0.0,71.30309810568936, 174.81282590569236,174.81282590569236,0.0, 52.00231051967928, -9.494662166527247, 3.8520057980869598, -9.494662166527247, 76.90921060173483, -5.722371834292715, 3.8520057980869598, -5.722371834292715, 61.106272662054494, 4.391671174122392, 2.825337635677652, 5.0, 0.0
382, 0 ,1.0,1.0,1.0,68.03572168150755,290.6342583005453,228.76975909436047,9.529234495653684,5.722679354218001,13.033142760145559,45.0,23.0,61.0,0.1713960584487553,-0.032009407871455876,0.9846820750658302,13.13377226227273,0.9848878594915541,0.03081300798953214,-0.17043022843609829,9.400506767254111,0.02488564595051547,-0.9990124905857558,-0.036806905320466154,5.705495416898402,60.75119081281065,44.55200992153509,24.38891407223059,16.19692614679175,5.574743282525529,28974.0,66010.73376717865, 0.0, 0.0,2.8421709430404007E-14,10.041383092903324, 98.94606491306213,98.94606491306213,0.0, 90.80631007315611, 0.9261248933159357, 14.24919925924407, 0.9261248933159357, 32.74905899119295, -4.704005759545135, 14.24919925924407, -4.704005759545135, 169.8628102063346, 4.788822715658039, 3.447220726793114, 2.0, 0.0
383, 0 ,1.0,1.0,1.0,75.29138401065111,292.3020985227921,75.17764534330819,9.09890148226981,4.661859041642106,9.232220521374408,43.0,19.0,41.0,-0.6797272905398519,0.03246165783688396,0.7327462393392628,9.918310570918608,-0.7276330100998053,0.0958863184702572,-0.679231931333706,8.377510605354452,0.09230933381000886,0.9948628321033517,0.041556373648947494,4.604483156604729,44.404734843904826,36.61794601493354,20.896412807735487,13.065440053949176,4.364757709213176,15773.0,33977.78002026866, 0.0, 0.0,0.0,NaN, 106.67581053245556,106.67581053245556,0.0, 82.79000818405174, -5.120233615086104, -14.228520763193023, -5.120233615086104, 21.732929724140263, -1.354496928983932, -14.228520763193023, -1.354496928983932, 85.23389575528677, 3.991529842438199, 2.8717036780435214, 1.0, 0.0
384, 0 ,1.0,1.0,1.0,33.30454829634261,155.52735229759298,154.42419506095655,10.074923199145042,7.772508012113017,7.499377223331216,49.0,35.0,36.0,0.967719691937598,-0.04074438314025103,0.2487136769032247,10.236312503040324,0.03499058341402329,0.9990088487589776,0.02751325450776934,7.767911555523086,-0.2495881746168025,-0.017922481518568584,0.968186205100894,7.282449684723006,48.115166796388294,35.41270996204028,35.16462454498162,14.18360967429057,4.120902038659225,25592.0,59916.597488959516, 0.0, 0.0,0.0,NaN, 207.7831895390425,207.7831895390425,0.0, 101.50407746867097, -1.784979048430753, 12.462012491985954, -1.784979048430753, 60.41188079836103, -0.3235752009483742, 12.462012491985954, -0.3235752009483742, 56.24065873781902, 4.298802518768212, 2.8995068661190913, 6.0, 0.0
385, 0 ,1.0,1.0,1.0,247.2711014000162,18.065064336003886,6.115642955409889,8.828149020368665,8.399459361100522,4.1201874353534755,36.0,37.0,16.0,-0.8977342458369197,0.43647740508387084,-0.05967159041678072,8.96632065480425,0.43795660907800776,0.8988902097993103,-0.013798524988019785,8.266118013002075,-0.04761546404804273,0.03852097582100688,0.9981226888540745,4.091389018098056,41.88148960971432,38.565114413150354,17.089736739962838,12.181905262416782,4.130891110228363,12357.0,27602.735047283742, 0.0, 0.0,0.0,NaN, 56.072135555812295,56.072135555812295,NaN, 77.93621512583623, -4.633403376678237, 3.098211224356799, -4.633403376678237, 70.5509175587792, -2.2978050446022054, 3.098211224356799, -2.2978050446022054, 16.975944502444648, 4.079884897799634, 2.735557687886405, 5.0, 0.0
386, 0 ,1.0,1.0,1.0,244.26981618564417,163.6228062879481,6.766364468102803,7.289949810208697,8.698334242295296,4.49092459397823,34.0,39.0,17.0,-0.38936904570217773,-0.9210725759463582,-0.004129901756172754,8.975219321777052,-0.9193886241557123,0.38892111383237404,-0.05886361345051658,6.953333214329648,0.05582386606140699,-0.019122684302303572,-0.9982574912932197,4.479886814568778,41.38951670876318,32.64953211054279,18.180923907878885,11.62406563756344,3.7220812173390283,12023.0,24568.761612067203, 0.0, 0.0,-8.881784197001252E-16,89.76337338691032, 147.48008692997038,147.48008692997038,0.0, 53.143368235361805, 11.580355685094926, 1.6277063682503894, 11.580355685094926, 75.6610185906869, -0.417328215682763, 1.6277063682503894, -0.417328215682763, 20.168403708798532, 6.078933125589073, 3.303533948452428, 1.0, 0.0
388, 0 ,1.0,1.0,1.0,34.19472828126955,153.56700170997206,39.55061100221045,7.430005406577826,7.902581276451391,9.231406690267882,32.0,35.0,42.0,0.07811655428349804,-0.23923040578328034,0.9678153836841199,9.318399327391418,0.2298662834378118,-0.9403025902570297,-0.2509831279078482,7.835140294337403,-0.970082107702931,-0.24207406243686397,0.01846219407200485,7.392743144269247,43.7424668864319,36.549474674686294,34.300363422605045,13.724133875577834,3.810877854121176,23977.0,54838.192595661574, 0.0, 0.0,0.0,NaN, 155.48682664806478,155.48682664806478,0.0, 55.20498034177573, -2.057485547977626, 2.0442172594853063, -2.057485547977626, 62.450790830920106, -5.860764756852416, 2.0442172594853063, -5.860764756852416, 85.21886948112261, 4.412514904259383, 2.7932489876999065, 1.0, 0.0
389, 0 ,1.0,1.0,1.0,65.67154820888324,243.3976849212961,72.63195510150392,9.106013367108572,7.785999145128315,7.309614606507774,43.0,40.0,37.0,0.9588503848944099,-0.15686514398756132,0.2366416404388774,9.228387519275568,-0.225740615137605,-0.9267238667726946,0.3003731836085916,7.8287959441172275,0.17218337337018624,-0.34143257219490153,-0.9240003704432356,7.107639951842186,43.02895150546535,39.44817873355424,35.005455864934675,13.515648691642063,3.7813976608815993,22807.0,59418.742799941996, 0.0, 0.0,0.0,NaN, 113.10161456976388,113.10161456976388,NaN, 82.91947944195998, -2.957510512323886, 7.1306167258017235, -2.957510512323886, 60.621782687938854, -4.284422886422548, 7.1306167258017235, -4.284422886422548, 53.43046569567179, 4.317333926118627, 2.8570990237522573, 2.0, 0.0
390, 0 ,1.0,1.0,1.0,237.59512216329014,156.48356664637856,78.14668289713939,8.38876482060937,7.450962162899416,9.01433297227781,34.0,33.0,37.0,-0.5475849423693437,0.26181430918786847,0.7947351750079025,9.735447823891068,0.8365515713564917,0.15060697666005968,0.5267817451680539,7.740932913085196,-0.01822633675060996,-0.9532947110342087,0.30149128438954564,7.241921333938669,45.77554485094119,38.40951256625647,32.25839568999645,13.800437814039299,4.085869239755186,23002.0,56717.239216586386, 0.0, 0.0,0.0,NaN, 174.92352462772183,174.92352462772183,0.0, 70.37137521549337, -5.127186497794773, -15.128116780233922, -5.127186497794773, 55.51683715295874, 9.401636646166384, -15.128116780233922, 9.401636646166384, 81.25819893509488, 4.923394315074956, 3.0876901996175072, 7.0, 0.0
391, 0 ,1.0,1.0,1.0,180.85363731291332,170.92529585798817,109.57883745214062,6.532981586751834,11.067855319779675,7.3000053239421385,28.0,47.0,29.0,-0.09191051084182561,0.9955762545796342,-0.019503315461275074,11.100736471511016,0.32855798997147084,0.011831150500371035,-0.9444096945202035,7.403620055556748,0.940001119798642,0.09320914759306043,0.3281919401543457,6.358255058191696,47.014911617848995,33.496994192471405,27.47891618077182,14.11871229052521,4.37370675507249,22984.0,43275.397063072225, 0.0, 0.0,0.0,NaN, 207.03539940858744,207.03539940858744,3.814697265625E-6, 42.67984841283851, -7.520505775049106, -4.315514741167719, -7.520505775049106, 122.49742137957524, -1.7684535370116201, -4.315514741167719, -1.7684535370116201, 53.29007772958357, 4.783693858734509, 2.9820434703905616, 5.0, 0.0
392, 0 ,1.0,1.0,1.0,265.3135956554878,266.5722179878049,125.64738948170732,7.800871222818011,8.7435530407068,7.17938293295438,34.0,42.0,35.0,-0.4822226763072432,0.8693457510275918,0.10816309733615784,9.124381149772962,-0.7282522011575355,-0.4664280597548518,0.5020892316934595,7.491326879839048,0.48693944383699667,0.16334879933319424,0.8580251440325745,7.033671951527784,46.33909232780084,35.256706496962835,34.65436338544373,13.202246785403313,3.8141225368279734,20992.0,56617.04363274026, 0.0, 0.0,0.0,NaN, 134.56533632467793,134.56533632467793,0.0, 60.85359183499017, -11.903959175577329, -4.192633620335318, -11.903959175577329, 76.44971977565314, 1.6197864684513983, -4.192633620335318, 1.6197864684513983, 51.54353929799663, 4.352985516583786, 2.857932199719553, 8.0, 0.0
393, 0 ,1.0,1.0,1.0,188.85366815671838,72.66031203435884,170.80248049785257,7.670704361851542,8.374903969811529,8.309015565146089,36.0,41.0,37.0,-0.3097094132689109,0.5175161321890054,0.7976572774423598,8.7291670944399,-0.518297039580532,-0.7952005959707815,0.3146810940138755,8.399519629064397,-0.7971500850496616,0.3159637085043857,-0.5145081892579284,7.160179705191951,42.659394345836105,40.51179445713234,34.17273091945813,13.539726181473188,3.8333114278726317,22818.0,59057.60798689928, 0.0, 0.0,0.0,NaN, 185.27014619915164,185.27014619915164,2.6973983046972182E-6, 58.83970540692828, 3.952002010812802, -9.303949409136264, 3.952002010812802, 70.1390165035649, 5.465729964889696, -9.303949409136264, 5.465729964889696, 69.03973966183997, 4.243516796253421, 2.825839752479093, 5.0, 0.0
394, 0 ,1.0,1.0,1.0,240.99019780996113,159.7652331331685,179.34117802896503,7.945821221333566,8.38783797421688,7.816247596017371,36.0,38.0,38.0,-0.3701311525905183,0.7240115718798629,-0.5820740276511783,8.70440922518621,-0.7224276379358114,-0.6182474761936001,-0.3096261715790958,8.223560895058625,0.5840387297333103,-0.3059040731410648,-0.7518786206610796,7.154853841352225,41.044472084557725,41.3536733687381,37.154097179364626,13.439789623783986,3.7359981415672943,22648.0,63063.12386954041, 0.0, 0.0,0.0,NaN, 194.1816106435932,194.1816106435932,NaN, 63.13607488139485, 0.7549841820718621, 8.970714479090015, 0.7549841820718621, 70.35582588171474, -7.210436083539063, 8.970714479090015, -7.210436083539063, 61.093726482247334, 4.6674553849360985, 2.961939627020568, 8.0, 0.0
395, 0 ,1.0,1.0,1.0,234.88095928827,267.47804854462817,196.47679141282273,6.3789939460728755,8.13497172203145,9.542446259980016,30.0,35.0,46.0,-0.06774996882330694,0.15344327951151016,0.9858321873915425,9.594104797802116,0.22791537665463601,0.9643553299405748,-0.1344372667811306,8.178079804156143,-0.97132101944147,0.215578193674495,-0.10030712638305231,6.244979836039198,44.44411834467135,36.69204198195774,30.535229234246373,13.498370704992388,3.9650469880563883,20682.0,49795.18632636133, 0.0, 0.0,0.0,NaN, 126.55126038829374,126.55126038829374,0.0, 40.69156376403439, 5.576586186871381, -4.39730874874916, 5.576586186871381, 66.17776491825133, 4.409726491703965, -4.39730874874916, 4.409726491703965, 91.0582806246066, 4.461729545108401, 2.8137427272816944, 3.0, 0.0
396, 0 ,1.0,1.0,1.0,126.86166166166166,122.1563063063063,246.65970970970972,7.7448411349650526,7.7601780349037215,7.577947849479166,36.0,35.0,34.0,-0.7020069573215102,0.7120553328018164,0.012784166014653365,8.071052747098598,0.41280718410320116,0.42147828266206966,-0.807431907963154,7.754111695454773,-0.580324444276632,-0.5615454213798985,-0.5898222436482803,7.236026555827344,38.938297035778625,33.98968758109521,33.98746629791117,12.85116639725572,3.5321018075251267,19980.0,44982.43037870107, 0.0, 0.0,0.0,NaN, 184.0142139569943,184.0142139569943,0.0, 59.98256420584676, -5.037986454923414, -2.7032813995176244, -5.037986454923414, 60.22036313340218, -2.5265902614326197, -2.7032813995176244, -2.5265902614326197, 57.42529360942592, 4.261077767251073, 2.7552740484740914, 3.0, 0.0
397, 0 ,1.0,1.0,1.0,244.60600075639786,175.77703071815776,257.68193469765095,8.597824697675469,7.332098774382567,8.940224807264142,40.0,34.0,43.0,-0.5866860270879563,0.08835239330991991,0.804980347720464,9.328719965397896,0.8085561228706803,0.008515948363768453,0.5883574379506038,8.190720569276785,-0.045127616689592774,-0.9960528767188389,0.07643405649343979,7.3141617384970825,44.13496802098244,35.529150439183354,33.907261339097744,13.840577251621148,4.006033314339079,23797.0,53169.22778081799, 0.0, 2.8421709430404007E-14,0.0,84.93117144015274, 142.44528739249884,142.44528739249884,0.0, 73.92258953195827, -1.6443484467181952, -9.368835579057253, -1.6443484467181952, 53.75967243730234, 2.4526766191425824, -9.368835579057253, 2.4526766191425824, 79.92761960442118, 4.624342330226869, 2.9486805115755126, 6.0, 0.0
398, 0 ,1.0,1.0,1.0,112.97026851626511,74.94520159000568,278.91490224709986,8.854289509618704,7.116305307029132,9.360213175550982,45.0,35.0,42.0,-0.4883442737918625,0.17483971230215398,0.8549566920358005,9.54269667124755,0.816612637519131,-0.25386662051574793,0.5183585045429099,8.847756318986733,-0.3076746178981085,-0.9513058467128296,0.01880200817039071,6.8780798915936066,47.35573168980392,40.78948359638565,37.94842791976144,14.109046523146372,4.193881357696376,24654.0,73301.78450919184, 0.0, 0.0,0.0,NaN, 137.19929357417618,137.19929357417618,0.0, 78.39844272014382, -10.157303773607751, -5.15674440873188, -10.157303773607751, 50.641801222850994, 2.4644290150008907, -5.15674440873188, 2.4644290150008907, 87.6135906917582, 4.212677912455536, 2.844546942435975, 3.0, 0.0
399, 0 ,1.0,1.0,1.0,160.6303877823267,248.6366438198629,63.75532453194719,6.970333215958681,7.995101913574269,8.676387955409778,34.0,38.0,40.0,0.10798444109339828,0.34784743261471435,0.9313117223062845,8.812116488515905,0.1425630074718354,-0.932525562403075,0.3317708009536315,7.885658918153201,-0.9838776089444926,-0.09694451551367171,0.15028842779631327,6.92458620583878,38.0574004963284,35.830529012728306,33.408238100881704,13.214964587506921,3.6265160490010064,21739.0,45556.03448663438, 0.0, 2.8421709430404007E-14,0.0,69.64428912791439, 161.63794286604295,161.63794286604295,0.0, 48.585545141496894, -0.7765567370808695, 3.660427462817793, -0.7765567370808695, 63.921654608438935, 5.2188835032821475, 3.660427462817793, 5.2188835032821475, 75.27970795277986, 4.342100302793267, 2.8153999767576616, 5.0, 0.0
400, 0 ,1.0,1.0,1.0,132.2708234923634,34.4021413950559,104.02351335747652,6.921224690703144,7.50015935249836,8.855136936612443,31.0,30.0,40.0,0.29449635380528644,0.16705657459987883,0.9409378292312128,9.055058240254873,0.26273841622671806,0.9325061349235255,-0.24779191465555148,7.543895072893565,-0.9188255668156323,0.32019433038850525,0.23072747680540584,6.607931529078519,40.70923279459021,35.90969944615172,30.45094932982282,12.954585343640238,3.8403008049590985,19053.0,44514.912555362316, 0.0, 0.0,1.4210854715202004E-14,19.79034628820218, 171.75555132555823,171.75555132555823,1.9073486328125E-6, 47.90335121919883, 5.130947903296639, 9.758813366683526, 5.130947903296639, 56.25239031286863, 2.964354204325552, 9.758813366683526, 2.964354204325552, 78.41345016615799, 4.943438474571261, 2.8785312005053947, 2.0, 0.0
401, 0 ,1.0,1.0,1.0,233.80286460853577,58.17995741798123,290.88807703474305,9.493851047083513,10.68661328899968,5.079452548957336,43.0,47.0,20.0,0.1595162565057004,0.9868077539335506,-0.027659007339917892,10.719116942288323,0.986567143605994,-0.16035151114157375,-0.031187562131788853,9.464029589260472,0.035211291761565316,0.02231254470551811,0.9991307798688049,5.066598997462917,48.77270828246239,44.30441864061879,20.912410778498952,14.382974583307437,4.823669933346431,20666.0,45188.50934415225, 0.0, 0.0,0.0,NaN, 88.60019931873028,88.60019931873028,0.0, 90.13320770420871, 3.9372953895700644, -2.359720030990838, 3.9372953895700644, 114.20370358862456, -2.1158791489504507, -2.359720030990838, -2.1158791489504507, 25.800838197109183, 4.6085909543996815, 2.929110308077559, 3.0, 0.0
402, 0 ,1.0,1.0,1.0,91.35498174230568,43.94122761258912,5.4096678838462875,7.3812844577153465,9.81515064670627,3.8120242468503003,34.0,43.0,15.0,0.05338436497062648,-0.9985587022874388,0.005534226477932241,9.821348036411196,-0.9980215357127741,-0.053538343758294596,-0.03296452640544288,7.3761478709521455,0.03321330802855084,-0.003763486899776211,-0.9994412000393801,3.8060000860947643,42.79447378288178,34.126311771914644,15.590115619174052,12.139321184007066,4.241338528500034,11502.0,22768.078525829675, 0.0, 0.0,0.0,NaN, 101.51762743411552,101.51762743411552,0.0, 54.48336024571014, -2.236657306746769, 1.337621807533959, -2.236657306746769, 96.33718221753851, -0.38254777521473493, 1.337621807533959, -0.38254777521473493, 14.5315288585746, 4.9753672688023105, 2.8606819123202447, 1.0, 0.0
403, 0 ,1.0,1.0,1.0,121.78510804051007,136.86731723317888,15.181844274057976,7.612624932034114,8.537459427728733,8.874218483104006,33.0,39.0,35.0,0.25859124633706027,-0.5472104751815794,0.7960472744563585,9.496699678786094,-0.44419201549773984,-0.7991440097993828,-0.4050460528999381,8.169332678247963,0.8578018539767224,-0.2488564796289507,-0.44971816936919984,7.257184324850823,46.29639731416377,39.03868593603613,36.13035681369169,13.916797307336084,3.9893330555788005,24389.0,65300.21898415572, 1.4210854715202004E-14, 0.0,0.0,75.0135119025135, 183.83352105263089,183.83352105263089,0.0, 57.9520583558274, -0.3143790389482675, 10.255321900870799, -0.3143790389482675, 72.8882134801142, -11.789435890325487, 10.255321900870799, -11.789435890325487, 78.75175368586476, 3.77346377165571, 2.674557818296921, 3.0, 0.0
404, 0 ,1.0,1.0,1.0,211.28260292164674,199.11648643521153,45.08472775564409,8.170877514933643,8.931086712755727,8.501292329629798,37.0,41.0,43.0,-0.41722762634609356,0.7814037352016282,0.46403589346789664,9.363835604019062,-0.10411511884480466,-0.548338222264195,0.8297501045688848,8.29759997256441,-0.9028184478850314,-0.29788151439303334,-0.3101377976664183,7.891003610747913,44.28037067701,41.022615122252915,38.03191020119212,14.234004854615721,4.024006250916251,26355.0,69084.83571473023, 0.0, 0.0,0.0,NaN, 141.70706591534386,141.70706591534386,0.0, 66.7632393640482, -7.909603148148561, -5.488903522065558, -7.909603148148561, 79.7643098707619, 6.2201057025297635, -5.488903522065558, 6.2201057025297635, 72.27197127382243, 4.473356635729743, 2.8726944974395767, 8.0, 0.0
405, 0 ,1.0,1.0,1.0,278.4506191897362,20.02123426297554,61.47463208809303,9.021223848248237,9.716960886691712,8.360769880830755,42.0,45.0,41.0,-0.4957070441772627,0.7135836826395004,-0.495048335239792,10.28088288511527,-0.6811092931581538,-0.673079851237422,-0.2881902923968986,9.22126461035052,0.5388549499880659,-0.19432406368964777,-0.819678901243957,7.414580748926203,44.018975157643695,43.8301387862449,35.69093856545025,15.029745422734534,4.450958786789367,29151.0,68860.59036750345, -5.6843418860808015E-14, 0.0,0.0,60.283615557844676, 68.14951228794752,68.14951228794752,0.0, 81.38247972020274, -4.1625307289096884, 18.34637689584623, -4.1625307289096884, 94.4193288734966, -12.087399995283997, 18.34637689584623, -12.087399995283997, 69.90247300020673, 4.4025848756218515, 2.980864648402873, 6.0, 0.0
406, 0 ,1.0,1.0,1.0,235.19373938364475,181.9621451104101,68.9908274690609,8.642065685630378,6.864969590824624,7.994633198601719,44.0,30.0,38.0,-0.9884595115486079,0.10615722061631336,-0.10806682441946253,8.666363662113598,-0.1159116418849198,-0.07072549632401265,0.9907383082556482,7.993709442239699,0.09753094536930162,0.9918309073026217,0.08221414729004295,6.83535054016445,44.1310714356398,38.5871339607246,32.18914436901943,13.107535754173377,3.730921230868982,20605.0,54814.62244078533, 0.0, 0.0,0.0,NaN, 151.30274576780346,151.30274576780346,0.0, 74.68529931475005, -2.837558033523782, 1.0593359254311483, -2.837558033523782, 47.12780748294681, -1.529247977390479, 1.0593359254311483, -1.529247977390479, 63.914159980184756, 3.969926476022972, 2.6685992910766645, 6.0, 0.0
407, 0 ,1.0,1.0,1.0,205.14537650461884,151.69492395259869,87.68078753382477,7.872748694556095,7.31719171307715,8.646883227206727,37.0,36.0,42.0,-0.48282310217998664,-0.01801426734958156,0.8755326025757995,8.947875055819877,-0.6577677058342568,-0.652567817817211,-0.3761607213822608,8.110903529789471,-0.578120659692104,0.7575161577954241,-0.30322561487451094,6.6662457226233265,43.08891387769888,38.9660671072634,30.47930146564064,13.269604201762247,3.7693050350271124,21434.0,51174.91509376113, 0.0, 0.0,0.0,NaN, 196.67159348118307,196.67159348118307,0.0, 61.9801720076347, 9.473202247070185, -9.777891851982739, 9.473202247070185, 53.54129456592493, 4.678392725747897, -9.777891851982739, 4.678392725747897, 74.76858954494901, 4.390092242119461, 2.7303744789955946, 4.0, 0.0
408, 0 ,1.0,1.0,1.0,229.16928098207327,49.11506235385814,93.47237918939985,8.385625983700146,6.804345267023942,8.183895568598485,39.0,32.0,37.0,0.8730385699613048,-0.1172422729446305,0.4733475517996223,8.521201465862065,-0.45582194238147916,0.14873876457866636,0.8775552043918304,8.093188988942554,0.17329169686829987,0.981901741187166,-0.07641307774272907,6.744138336107383,42.05086887904923,37.03025532629853,30.74270538411031,13.044247334725252,3.666278194520724,20528.0,47871.13930366848, 0.0, 0.0,0.0,NaN, 127.14702425911041,127.14702425911041,0.0, 70.31872313850704, -4.133760798892054, 3.2037452414670438, -4.133760798892054, 46.29911451287113, 1.107182402310853, 3.2037452414670438, 1.107182402310853, 66.97614667772594, 4.3033308355719875, 2.7244307669004404, 4.0, 0.0
409, 0 ,1.0,1.0,1.0,152.73754662246168,262.5463738085371,123.75864069622877,7.856601466552796,7.779318985841511,9.280069958916437,36.0,37.0,40.0,0.3152969599120013,0.21370152270899676,0.9246185625770802,9.528690752729599,0.23605663606306246,-0.9613529726489736,0.14169589461086235,7.686877938748128,0.919165432139852,0.17358606272059357,-0.3535573322508267,7.647198769728023,43.44508140059412,36.510242400232755,38.18126477315889,13.874625485536598,3.9822677667619018,24130.0,60562.75766793024, 0.0, 0.0,1.4210854715202004E-14,22.389092399264797, 195.97246091387368,195.97246091387368,NaN, 61.72618660423954, 2.0393777591987328, 9.441503171538189, 2.0393777591987328, 60.517803883474194, 6.302572775007016, 9.441503171538189, 6.302572775007016, 86.11969844238331, 4.834259981795114, 2.9053619752912643, 8.0, 0.0
410, 0 ,1.0,1.0,1.0,213.2734680209845,146.28753209063512,116.81270231052572,7.526186774860494,6.9730423252261655,7.806237860468703,34.0,33.0,35.0,-0.556338376729959,-0.16139145144641953,0.8151321426477377,8.14400749521675,-0.7672184839693099,0.47654029933827213,-0.42928445227194495,7.300224240281563,0.3191604744220497,0.8642118620492361,0.3889401612845917,6.825395529429372,41.17290472726286,36.847348130797286,34.08785116291722,12.421491344701781,3.451189497433946,17918.0,51715.10012199317, 0.0, 0.0,0.0,NaN, 206.31708803529412,206.31708803529412,0.0, 56.643487370085005, -0.6799256191601767, -6.742283810781123, -0.6799256191601767, 48.62331926939552, -3.9688604924560953, -6.742283810781123, -3.9688604924560953, 60.93734953421499, 4.247894815835307, 2.6942268346932794, 2.0, 0.0
411, 0 ,1.0,1.0,1.0,283.9396540340684,253.57612570975834,151.3254104494036,8.425453068908599,8.125024665755815,8.192018696395408,35.0,36.0,41.0,0.7208341349413699,0.0977882708829827,0.6861746162465088,9.631966488369779,-0.29424194737373355,0.9395335679607746,0.17520944917614847,8.280212215013954,0.6275506563689025,0.32819830705324,-0.7060212779643027,6.54039469748339,47.068766596282785,38.479688925246506,33.4272262813173,13.69971027296592,4.053565590242294,22719.0,60543.107999657055, 0.0, 0.0,0.0,NaN, 156.57983393368346,156.57983393368346,0.0, 70.98825941638133, -3.603993646371799, 23.400595876849035, -3.603993646371799, 66.01602581914038, 7.599485128207934, 23.400595876849035, 7.599485128207934, 67.10917032209191, 4.333680582279219, 2.763025315718111, 6.0, 0.0
412, 0 ,1.0,1.0,1.0,121.4359721817349,11.152542372881356,184.7029942114688,9.18694183911038,6.947753565761365,9.467185862692372,43.0,29.0,45.0,0.6533692547527445,0.013256884410941638,0.7569232933128422,10.250936306806397,-0.7548861899866219,0.08676545954148557,0.6500912206744818,8.313483165450243,0.05705661321289361,0.996140557374445,-0.06669732260296858,6.935639164207053,46.154452737473264,35.81855894285947,31.440280555296752,14.239783755513969,4.418975754709015,24013.0,51976.63120529083, 0.0, 0.0,0.0,NaN, 167.82274602956122,167.82274602956122,1.9073486328125E-6, 84.3999003551968, -0.8826454879312978, 17.867794677888057, -0.8826454879312978, 48.27127961054976, 1.7568788657555026, 17.867794677888057, 1.7568788657555026, 89.62760815876231, 4.008881950175624, 2.6224287352186613, 7.0, 0.0
413, 0 ,1.0,1.0,1.0,161.29740369294217,204.91859593213985,226.59283906645422,8.595934329011955,8.047559915816414,7.165519577328206,39.0,39.0,34.0,-0.8173104023228299,0.4682101346244154,-0.3358317675412512,8.975011994208689,0.5408221784078788,0.8244366819027554,-0.16677988150652742,7.892373752013068,-0.19878399733643165,0.31793620015368196,0.9270391011358622,6.867137297503264,41.97351098396801,36.11216005255346,32.262279836227435,13.259455448555096,3.7662739688183007,21338.0,48901.68444119796, -2.8421709430404007E-14, 0.0,0.0,35.18354601149744, 183.4870428617722,183.4870428617722,0.0, 73.8900869886862, -6.031746639111387, 7.80086433987634, -6.031746639111387, 64.7632205986551, -7.331391814676588, 7.80086433987634, -7.331391814676588, 51.3446708130738, 4.052655718300926, 2.7414147759848904, 6.0, 0.0
414, 0 ,1.0,1.0,1.0,255.96068445711958,247.8879608881646,223.18593399877776,7.026901891556974,8.44722726700342,7.730224689540612,32.0,37.0,37.0,-0.07008954099173378,-0.8327691800436914,0.5491656844823123,8.892692861581734,0.640264109974908,-0.45971414953064227,-0.6154061831013383,7.686088007142302,-0.764950538088318,-0.30847754130678107,-0.5654133716032156,6.5064150851903735,41.11473389665416,34.65129279733418,28.182864028216613,12.920878238105695,3.6797116735971707,19636.0,40151.525593851555, 0.0, 0.0,0.0,NaN, 102.74009280470297,102.74009280470297,0.0, 49.377350193566976, -2.7831276326307313, -8.011329137958041, -2.7831276326307313, 71.35564850040608, -12.068595701909215, -8.011329137958041, -12.068595701909215, 59.75637375078325, 4.91868529979494, 2.783591862034973, 3.0, 0.0
415, 0 ,1.0,1.0,1.0,231.57095916888136,137.5516308287026,240.78564870741724,8.792987240839382,7.979372362735595,7.0207545757941885,42.0,36.0,33.0,-0.8630766121065063,0.4937637334598697,-0.10628328727756622,9.110109460060691,-0.4796524309351478,-0.7353662111835589,0.4787171199649547,7.903850244689627,0.15821601414761477,0.4641485871672005,0.8715123532675448,6.694255721849912,43.14909966302545,36.10884776090484,30.041052207617497,13.240113110409027,3.8700655753960116,20695.0,46805.89010049322, 2.8421709430404007E-14, 0.0,0.0,30.336200114142425, 164.64909405066277,164.64909405066277,1.9073486328125E-6, 77.31662461756419, -10.042815649768064, -0.5521732363779822, -10.042815649768064, 63.67038330318863, -8.219809888566287, -0.5521732363779822, -8.219809888566287, 49.290994813535036, 4.8499474224980315, 2.8485405473826453, 4.0, 0.0
416, 0 ,1.0,1.0,1.0,25.238816578561593,207.0146594998001,234.1052818622007,7.838005257811035,8.19708362335411,8.376826761950674,37.0,38.0,39.0,0.3037905229715838,-0.6156688914911442,0.7270922460064596,9.413347523391288,0.8587174692529017,0.507513408901536,0.07095384263755174,7.79874166705363,-0.412693138000311,0.6028117084423699,0.6828633963043031,7.026111994829808,45.63776834228375,35.71584307007875,33.70234039397258,13.547462915053268,3.9069145773508778,22511.0,54934.5240645032, 0.0, 0.0,0.0,NaN, 116.72782568301531,116.72782568301531,NaN, 61.43432642147342, -2.348310135974642, 9.366443281453964, -2.348310135974642, 67.19217992826015, -17.155423704612286, 9.366443281453964, -17.155423704612286, 70.17122659973302, 4.010228568666604, 2.8008275321786646, 6.0, 0.0
417, 0 ,1.0,1.0,1.0,292.58547747381266,220.70466795484592,249.3877758568087,4.348567379864531,6.437918692047461,8.145393997228284,18.0,28.0,34.0,-0.021129677039532103,0.10381246907280864,0.9943724191736275,8.16364214543538,-0.01906733309195568,-0.9944554160579169,0.10341596724798681,6.417056894215394,-0.9995949047273931,0.016774884145156467,-0.02299194869842689,4.3451819812744805,34.53718545153782,27.637919715125662,18.375478038898393,10.743070343008208,3.3601664122319663,9833.0,17540.054546357325, 0.0, 0.0,0.0,NaN, 94.3627154185551,94.3627154185551,0.0, 18.910038257221874, 0.31803382324335855, -1.047536418961553, 0.31803382324335855, 41.44679708541409, 2.6374556176316704, -1.047536418961553, 2.6374556176316704, 66.34744337008257, 5.243196932309692, 2.9480270565889763, 0.0, 0.0
418, 0 ,1.0,1.0,1.0,85.49093007915567,232.67331794195252,221.75956464379948,7.019285311579067,7.482174391597033,7.725623904780485,34.0,34.0,36.0,0.36545866753970074,0.35117545898665437,0.8620416227338555,7.947525349886043,-0.19415175523367173,0.9344915313638503,-0.29838008269475674,7.416523495950241,-0.9103543586207467,-0.05832130669624891,0.4096993616366167,6.838902300564942,35.7630021657302,35.47946373128508,30.946551057261985,12.397514258759866,3.3526414710757373,18192.0,39266.59748080681, 0.0, 0.0,2.8421709430404007E-14,30.453405146226505, 134.02666513598064,134.02666513598064,0.0, 49.270366285349645, 0.6098613379739669, 5.641343896560379, 0.6098613379739669, 55.98293362627043, 2.666506853457588, 5.641343896560379, 2.666506853457588, 59.68526471811567, 4.384417877071385, 2.7280048813760653, 2.0, 0.0
419, 0 ,1.0,1.0,1.0,210.41398959451647,115.93178627467174,6.5940209761334545,8.079308298064234,8.797159314960227,4.414577754187289,35.0,37.0,18.0,-0.5727310991228554,0.8110669860647873,0.11895138592428495,9.625742306605762,0.8152429855676179,0.548374016314632,0.18618488852148113,7.231478338161336,-0.08577856713843429,-0.20360815884129407,0.9752875243090808,4.147835270023362,43.707941396695,31.1561361774055,18.948709263666217,12.054038848699445,4.105347582089126,12109.0,25803.794694132426, 0.0, 0.0,0.0,NaN, 146.66053812065894,146.66053812065894,0.0, 65.2752225751696, -19.361305194064705, 0.18590906322925532, -19.361305194064705, 77.3900120127915, 10.861892916532023, 0.18590906322925532, 10.861892916532023, 19.48849674776529, 4.779859770632999, 2.793044611709488, 2.0, 0.0
420, 0 ,1.0,1.0,1.0,94.60672526409161,201.25461656318038,37.895814853640836,9.05509571543502,6.8929430692744695,9.217621746661704,38.0,32.0,41.0,0.6692447454455394,0.08666425045035522,0.737970716483665,9.668653877393941,0.7099824991129573,0.2183684879637843,-0.669507322153933,8.674177906100617,0.21917189976558332,-0.9720105509500852,-0.08461186202215569,6.763707791511277,45.54474930569161,39.66268040007026,30.635903544125426,14.075343520012975,4.044339010284978,24802.0,55341.518295358605, 0.0, 0.0,0.0,NaN, 141.905517858543,141.905517858543,0.0, 81.99475841568965, 7.341243849579186, 9.556115558519979, 7.341243849579186, 47.51266415625894, -1.2590142246892257, 9.556115558519979, -1.2590142246892257, 84.96455066453076, 3.778836025774801, 2.5869066000907917, 2.0, 0.0
421, 0 ,1.0,1.0,1.0,97.80774727711794,72.32290177911389,62.093637573308364,7.809694443079608,9.251783763753757,6.38496154273913,40.0,45.0,30.0,0.14970663023357025,0.9883811692147189,0.026279064021666226,9.281871490176199,-0.9478090053239153,0.15102722385317127,-0.28080040434816816,7.893883463744731,-0.28150668605026025,0.01713014877196921,0.9594063496308801,6.236026740518003,44.82115624927641,39.165335010844274,30.838731691912223,13.142486435583544,3.824867879847515,20291.0,54135.40747318416, 0.0, 0.0,0.0,NaN, 136.5744389564215,136.5744389564215,0.0, 60.99132729426851, 3.640463251703875, 6.420495794858569, 3.640463251703875, 85.59550281125763, 0.2342164811829613, 6.420495794858569, 0.2342164811829613, 40.767733902257646, 4.604206678292003, 2.9236003438120397, 4.0, 0.0
422, 0 ,1.0,1.0,1.0,127.9425575678523,66.01254201575277,75.30130938644459,7.865035814398568,8.34908151943895,7.133047456551382,38.0,37.0,31.0,-0.09056157061513717,-0.9731483739715152,0.21161484863854843,8.431396145507827,0.8803561797144511,0.021112700586918748,0.47384306548951843,8.156131990334877,-0.4655873696378549,0.2292084119541065,0.8548051854798144,6.695923132113677,37.428637465818724,39.294044264569806,33.44681881522743,12.988062687866549,3.7089815601406,19933.0,49190.99023403027, 0.0, 0.0,0.0,NaN, 162.4722774374071,162.4722774374071,0.0, 61.85878836177215, 2.716769207246122, 8.543671261098648, 2.716769207246122, 69.70716221823702, -5.189400860212272, 8.543671261098648, -5.189400860212272, 50.88036601741414, 4.4897422624329275, 2.762970925678511, 4.0, 0.0
423, 0 ,1.0,1.0,1.0,86.19803513526594,214.56995595992836,73.70236654890384,8.00422032193826,8.38914817646857,7.389245971116765,35.0,38.0,34.0,-0.5390658946780426,0.7873103467691428,0.2992496935089709,9.250761385758086,0.7078638376436021,0.23094852941557525,0.6675264519981621,7.763379323821191,-0.4564392057562904,-0.5716687805285807,0.6818049991145059,6.572644929461308,39.93171025312819,35.087903716142506,31.795740748247397,13.215001745411886,3.7960551865463077,20663.0,44549.64842289354, 0.0, 2.8421709430404007E-14,0.0,38.06513512869787, 141.98743789778763,141.98743789778763,0.0, 64.06754296212941, -15.194611614384483, 1.2300206205239061, -15.194611614384483, 70.37780712674592, 12.615749366188837, 1.2300206205239061, 12.615749366188837, 54.60095602166533, 4.264308811164356, 2.825273430228166, 2.0, 0.0
424, 0 ,1.0,1.0,1.0,288.1536233018831,217.3440081431312,118.17609521199546,7.04212742238008,9.978605702162984,9.430878445768316,28.0,45.0,43.0,-0.2540399384532236,0.72973981414295,0.6347783182539355,11.198884741002034,-0.24839335588660708,-0.6835212150922195,0.6863668765829577,8.37562660325179,-0.9347536843586505,-0.016689882368314368,-0.35490420877253626,6.522228009797507,54.23429608456618,37.65844681461742,32.911866449682464,14.709128967097584,4.663381142522483,25543.0,67218.51655913335, 0.0, -2.8421709430404007E-14,0.0,43.135413809592315, 144.69947861091643,144.69947861091643,0.0, 49.591558633037515, -10.675758053229726, -18.071917848798115, -10.675758053229726, 99.57257175923961, 25.435957067384525, -18.071917848798115, 25.435957067384525, 88.94146825885741, 4.494135843131442, 2.844488279195141, 5.0, 0.0
425, 0 ,1.0,1.0,1.0,259.47763091001525,6.945475343162176,123.18047788510422,9.332760294947562,4.722721001782642,9.248179044187331,42.0,20.0,44.0,0.7154455832842709,-0.02708278000863456,0.6981433523181566,10.779008185073288,0.6982960850096875,0.060338447816274114,-0.7132614172764895,7.525750597945182,0.022807784179381726,-0.9978105004168512,-0.062080675243589914,4.702061728712742,46.08570542260517,33.82736444482168,21.25356151115786,13.192254263422358,4.571405852271903,15736.0,33133.408747971494, 0.0, 0.0,0.0,NaN, 129.860433375259,129.860433375259,0.0, 87.10041472294971, -0.3680854524153001, 29.79318303352552, -0.3680854524153001, 22.304093660678845, -3.2647527945208696, 29.79318303352552, -3.2647527945208696, 85.5288156333457, 5.0441703222214755, 3.002233645203334, 4.0, 0.0
426, 0 ,1.0,1.0,1.0,137.68275799665204,275.1857213952857,151.11821924625616,7.806716752398705,7.861381666488944,8.506805888197485,38.0,40.0,43.0,-0.09921515227348857,0.5218422442555932,0.8472526339112995,8.909983303140034,0.9522581126059824,0.2968460162743604,-0.07132271446134399,7.83252998637091,-0.288722774535437,0.7997269000929806,-0.5263801332993405,7.373978988865424,40.011310298589706,36.59828439186532,31.27666775753093,13.434084469689555,3.8258684032654053,22103.0,45799.841843221315, 0.0, 0.0,0.0,NaN, 204.29898412043778,204.29898412043778,0.0, 60.94482645218258, 0.6760746696712442, -2.576122998925576, 0.6760746696712442, 61.80132170620848, 10.911084920332943, -2.576122998925576, 10.911084920332943, 72.3657464194714, 3.8585438758076864, 2.5727455274868003, 8.0, 0.0
427, 0 ,1.0,1.0,1.0,93.18485230135104,110.392374627891,142.44985115640029,6.8225828217027935,7.9837418674095835,7.394185503098786,33.0,35.0,33.0,0.408425555424228,0.8500264012532645,0.33263145198377464,8.484940654406815,-0.30228491840365557,-0.2178925395838057,0.9279798862580021,7.275163379651452,-0.8612853149694971,0.4795601717888415,-0.16795727984148476,6.327679646539624,40.65256061947662,33.92004327192858,30.997788504031192,12.362296915952486,3.483585047116446,17468.0,42743.985562381706, 0.0, 0.0,0.0,NaN, 202.88384156676904,202.88384156676904,0.0, 46.54763635899405, 11.94269649224531, 0.7258089429805139, 11.94269649224531, 63.74013420542867, 6.4289970330909405, 0.7258089429805139, 6.4289970330909405, 54.673979254236244, 4.545152238957227, 2.6781462216907292, 2.0, 0.0
428, 0 ,1.0,1.0,1.0,25.727863851649676,87.78140804367023,169.08280484867944,8.189125054759355,8.427453798801812,8.344777553572591,42.0,37.0,39.0,-0.6718304056815916,0.7035518641442762,-0.23164343388238384,8.923386925194837,-0.17680442191911452,-0.45601432703272343,-0.872233414821251,8.503470676759948,-0.7192941695798432,-0.545037345509467,0.43075537095715666,7.468815926556295,40.78679487298833,41.10268667399535,33.653450481950046,13.893157192858006,3.833959092970456,24914.0,56418.22105549377, 0.0, 0.0,0.0,NaN, 159.70851750231515,159.70851750231515,0.0, 67.06176916248742, -9.937707853572947, 6.259188282654222, -9.937707853572947, 71.02197753093908, 2.6872824598983596, 6.259188282654222, 2.6872824598983596, 69.63531241860896, 3.9369050446863953, 2.6435492310104207, 4.0, 0.0
429, 0 ,1.0,1.0,1.0,279.2014568530187,61.01961835813559,195.39486973231442,9.551327678129665,7.161048661712501,7.791023429314007,42.0,32.0,32.0,-0.9378399575685402,0.12951049054325253,0.32199883047471617,9.809927792433573,0.2852131237472744,-0.2410586829154662,0.927655208271577,7.540466843839691,-0.19776169505281024,-0.961830413446314,-0.18913637339108605,7.079209059685532,46.79880611056399,33.189401323630705,33.65452850512551,13.673337810696905,4.030925147048076,22377.0,52273.0334133391, 0.0, 0.0,0.0,NaN, 122.87475940944435,122.87475940944435,NaN, 91.22786041500581, -6.06530989670082, -12.143141294779317, -6.06530989670082, 51.280617935414405, 0.41532163326247346, -12.143141294779317, 0.41532163326247346, 60.70004607611978, 3.7197728130699894, 2.5852525533766393, 4.0, 0.0
430, 0 ,1.0,1.0,1.0,238.17871008865967,63.41826505186301,212.05800544706497,7.739578502393813,7.245546267283194,6.972877431586224,37.0,35.0,33.0,-0.8546712538755705,-0.4731929231790927,0.213601276335102,8.066965238029036,-0.2202997466128123,0.7030983848021347,0.6761070055331184,7.15865437631638,-0.47011176271296407,0.5307929151202516,-0.7051622592120591,6.68563947209688,38.2628232999721,35.114042618950776,33.18111521547954,12.232204622820321,3.3753823261133413,17257.0,44580.8990615769, 0.0, 0.0,0.0,NaN, 124.81002617754231,124.81002617754231,NaN, 59.90107539471645, 7.227100340734457, -4.695595340948503, 7.227100340734457, 52.49794071134143, 1.0532721030935297, -4.695595340948503, 1.0532721030935297, 48.6210196759245, 4.101229162699255, 2.6131112915873893, 6.0, 0.0
431, 0 ,1.0,1.0,1.0,58.91524944912142,170.70936211085373,236.90038985253403,7.54776819252178,7.850951204139335,6.7647689418530765,36.0,35.0,30.0,0.4848832413009561,0.846662683954885,-0.21920433824126376,7.899516846858846,-0.7558122204649347,0.5317697425577502,0.38205867127435955,7.728171812490982,0.4400410545634848,-0.019576529272971547,0.8977642395419192,6.499333224054105,37.26258546802552,37.80973247561616,30.024580961350097,12.356058453981325,3.419964592839329,17699.0,42301.283467884285, 0.0, 0.0,2.8421709430404007E-14,77.33769573915126, 155.4626529562542,155.4626529562542,0.0, 56.968804688043505, 1.2499035632680042, -7.19144670440129, 1.2499035632680042, 61.63743480977687, -0.18969402783008343, -7.19144670440129, -0.18969402783008343, 45.762098836659995, 4.6583754868468725, 2.7304258467645632, 5.0, 0.0
432, 0 ,1.0,1.0,1.0,138.36712242652837,263.5113416103515,246.88925559222588,7.389570509841245,8.59205115212607,6.9303045219554145,34.0,38.0,29.0,-0.16713388484226835,-0.9326345571064829,0.3197796857655678,8.808646169299406,0.9539963936140382,-0.23486156957339505,-0.1863623462744849,7.389481255023378,0.24891192319561753,0.27392120405020687,0.9289833305623649,6.652934355113308,38.901917164681606,32.246729367019206,29.690291557502064,12.781153517059412,3.619437920598363,19089.0,37245.27111278948, 0.0, 0.0,0.0,NaN, 152.6356247119992,152.6356247119992,0.0, 54.605752319915396, 2.878019696927889, -3.6202474299501772, 2.878019696927889, 73.82334300075092, -9.487769073063884, -3.6202474299501772, -9.487769073063884, 48.02912076703567, 4.110492475124357, 2.66872126023162, 4.0, 0.0
433, 0 ,1.0,1.0,1.0,167.21611409717417,195.69304454260018,252.2901921132457,7.672780033201032,7.582001580076638,7.547069343522412,37.0,31.0,36.0,0.769029185638054,-0.21112344886982704,0.6033415292967826,8.098661306677279,-0.1076933899606099,0.8875951165391223,0.44785828434304237,7.672182901134283,0.6300763806044969,0.4093919862835748,-0.6598499497394281,6.99041140744805,39.25546683843888,36.696122531641834,34.6107830024481,12.673520335844218,3.5634869679923136,18791.0,49857.64353902609, 0.0, 0.0,0.0,NaN, 175.4643185403735,175.4643185403735,NaN, 58.87155343788842, -3.670611137645642, 7.276862850732215, -3.670611137645642, 57.486747960284646, 1.8436926246182241, 7.276862850732215, 1.8436926246182241, 56.9582556759358, 4.7101001548374395, 2.758286559511353, 4.0, 0.0
434, 0 ,1.0,1.0,1.0,209.26046407101524,139.6341367492556,269.04977807742006,7.442218903097957,7.227715610268911,7.682655643900549,34.0,31.0,33.0,0.5293543847294643,-0.40241141551114756,0.7468928892645885,8.197332103648868,0.7888992362467309,0.5573530527368779,-0.25883502400990377,7.15425595644631,-0.31212486350339785,0.7262386847801466,0.6124993406623289,6.947665865558775,39.83855027655886,34.19137246095909,33.203327317936385,12.430102396125593,3.484572758481019,17799.0,45227.404654162616, 0.0, 0.0,0.0,NaN, 169.37907711218133,169.37907711218133,0.0, 55.38662220162856, -2.7506521697594675, 6.887984090852318, -2.7506521697594675, 52.2398729429249, -6.108705273320977, 6.887984090852318, -6.108705273320977, 59.02319774275697, 3.778195378569259, 2.611095885687602, 3.0, 0.0
435, 0 ,1.0,1.0,1.0,237.01680984197688,221.89648955350515,104.24944320712694,7.25847236747145,7.7762823213504735,7.820442993974217,32.0,36.0,37.0,0.30568775273525767,0.7039605484149445,0.6410885618251185,8.536909261372102,-0.6640179259970878,-0.3249346959794023,0.6734223320497317,7.410185917251511,-0.6823746711171169,0.6315512565295899,-0.36811386634260646,6.820970708598706,38.00188721112022,31.764143241173002,32.33339199871598,12.707935622009378,3.5810178301101474,18858.0,39029.55305298539, -2.8421709430404007E-14, 2.8421709430404007E-14,-1.4210854715202004E-14,89.39094463268287, 144.68927740348772,144.68927740348772,0.0, 52.6854211093466, 7.4802106698241015, 1.4149393627818683, 7.4802106698241015, 60.47056674134791, 10.058379103845196, 1.4149393627818683, 10.058379103845196, 61.15932862200041, 3.7461693244273597, 2.5529740524342235, 6.0, 0.0
436, 0 ,1.0,1.0,1.0,160.1844289508632,186.4676848162904,127.19295042054006,6.379975635146705,8.012313205324425,7.95417020805717,30.0,36.0,38.0,0.14475582935627027,0.682472648414529,-0.7164334121420056,8.237080789686477,0.2028192172806699,-0.7291510888762062,-0.6536077223322095,7.8178191990115,0.9684575958548909,0.05069293596449941,0.2439674389632035,6.261172313534519,37.81177013339325,38.88396996854101,29.078049436501885,12.488845646031889,3.4926795062832414,18072.0,42752.63417577159, 0.0, 0.0,0.0,NaN, 220.490424135497,220.490424135497,0.0, 40.704089105065606, -0.4109558152222277, -5.876223093828063, -0.4109558152222277, 64.19716290021617, -3.5622408673310155, -5.876223093828063, -3.5622408673310155, 63.26882369874425, 4.214135166414283, 2.636375428554274, 3.0, 0.0
437, 0 ,1.0,1.0,1.0,110.1891383337659,119.49811834933818,190.80132364391383,7.453853455524131,6.510901165628945,7.271609699184843,36.0,30.0,36.0,0.7839402942351409,0.12139319567094159,0.6088524510251377,7.646408679610206,-0.6126339379430449,0.31014755569113056,0.7269719057702397,7.154485867010604,0.10058465665755624,0.9429062444080077,-0.317506757568194,6.4166844417832865,36.948880551212625,32.63087564074526,29.868582360782234,11.828380697523285,3.3041614695361567,15412.0,36011.782916309174, 0.0, 1.4210854715202004E-14,0.0,83.02748532466138, 195.8208298769349,195.8208298769349,0.0, 55.55993133642903, -0.25674896109010814, 3.7949741485849318, -0.25674896109010814, 42.39183398858835, 3.53576683011121, 3.7949741485849318, 3.53576683011121, 52.87630761727909, 4.318707902492052, 2.657657367008943, 4.0, 0.0
438, 0 ,1.0,1.0,1.0,36.704710872962714,127.17209198481804,285.4699263228399,8.570098260407715,8.250874255951356,7.633706571252627,41.0,36.0,30.0,0.786705404004686,0.5555942122794217,0.2690904654413322,9.244246456142037,-0.298968751045294,0.7242631234123336,-0.6213377615785383,7.952963691292822,-0.5401039651847047,0.4083601343748194,0.7358870208429682,7.147815203237505,43.0485453725652,40.456875975954006,35.09895111972892,13.57975475995828,3.9226581365122035,22395.0,61128.67236400335, 0.0, -1.4210854715202004E-14,0.0,56.24834759611024, 133.15817594547661,133.15817594547661,0.0, 73.44658419304334, 12.387811756892228, 9.53340579472774, 12.387811756892228, 68.07692598752082, -0.3336948447521599, 9.53340579472774, -0.3336948447521599, 58.27347601598553, 4.198643774106903, 2.737712942914201, 6.0, 0.0
439, 0 ,1.0,1.0,1.0,169.23651452282158,198.01349930843708,157.43452282157676,7.201305784523293,7.987994817150447,7.338220141250796,35.0,38.0,32.0,-0.4822836867186325,0.8705295114341949,0.09788163896883977,8.353123860063524,-0.3509694222141977,-0.08963815690103494,-0.9320866190961099,7.412198246424987,-0.8026349794244678,-0.4838836332730502,0.34876026042936126,6.693353417878199,35.85887767056134,35.516754312623846,29.937565552928845,12.532647546714095,3.528326304684969,18075.0,38128.21249791013, 0.0, 0.0,0.0,NaN, 218.68985056596006,218.68985056596006,0.0, 51.85880500220864, -10.16601435925689, 2.138114242752866, -10.16601435925689, 63.808061198822415, 2.9751577555483135, 2.138114242752866, 2.9751577555483135, 53.84947484145885, 4.06497247754126, 2.599448101243065, 5.0, 0.0
440, 0 ,1.0,1.0,1.0,9.743882733148661,81.1896352723915,189.05638273314867,6.642071514991029,7.598023851061849,8.408659720263866,28.0,32.0,40.0,0.229025751892253,-0.18379564387717778,0.9559112753085202,8.508032548347677,-0.24382437095693252,0.9398757810081138,0.2391300742312534,7.661225849359321,-0.942388922418788,-0.28784141044360206,0.17044190017772426,6.439847776470584,40.67357111921788,33.09196699103882,32.10658100497978,12.596189225627816,3.7267486814817707,17328.0,43214.44580482566, 0.0, 0.0,0.0,NaN, 137.8230254298421,137.8230254298421,0.0, 44.11711401025523, -5.248176284691044, 5.763978910994152, -5.248176284691044, 57.72996644130473, -1.5606690709329645, 5.763978910994152, -1.5606690709329645, 70.705558291188, 4.254956953296316, 2.657294936116105, 2.0, 0.0
441, 0 ,1.0,1.0,1.0,6.655568149617455,289.29151317653725,227.6332530461887,4.709568438657557,6.57854339192434,12.420681613849837,19.0,27.0,53.0,-0.06411195415784068,-0.05385536414072145,0.9964884630979597,12.454230613998044,-0.2403741041360031,-0.968309751720715,-0.06779760160493571,6.662828203042469,-0.9685607608172431,0.24387665832514158,-0.04913479550466442,4.4977171921491355,53.40372513568465,30.30468566541373,21.687253073238004,13.753248229024162,5.529806772510438,14116.0,35098.28393720555, 0.0, 0.0,0.0,NaN, 73.4568876424766,73.4568876424766,0.0, 22.180034878399383, 6.0899927078722795, -8.223159796644262, 6.0899927078722795, 43.2772331594314, -5.652085313478925, -8.223159796644262, -5.652085313478925, 154.27333175262737, 3.752414453019921, 2.5072738653862032, 4.0, 0.0
442, 0 ,1.0,1.0,1.0,229.53057248790296,212.37309118330924,239.20869729152267,7.308481313288023,7.267171832395902,6.941822303638851,34.0,30.0,31.0,0.7502341567056776,0.5104612544560628,-0.4202118725253533,7.553404955765173,0.47162980739491445,-0.8585923505429841,-0.20095895194220473,7.164706075155095,0.46337245806020544,0.04741817466137205,0.8848940511852403,6.784367536801369,36.01849125134916,34.956385132354825,30.083384796524854,11.967457670903109,3.345824164341343,15913.0,37877.27537914343, 0.0, 0.0,0.0,NaN, 127.82800103124926,127.82800103124926,0.0, 53.41389910668022, 2.074341176353931, -3.9789499926051493, 2.074341176353931, 52.811786441568415, -1.4497603104235208, -3.9789499926051493, -1.4497603104235208, 48.1888968952978, 4.041424318319337, 2.561452161059173, 4.0, 0.0
443, 0 ,1.0,1.0,1.0,174.76164230864504,62.92048550904137,289.7504334902155,9.166203909327974,8.114481161496931,5.327695123926726,38.0,32.0,22.0,0.899957090075965,0.42614813796275447,-0.0920597660918071,9.465708515306437,0.4317555979409322,-0.900462857687911,0.0524761428764418,7.802541400988475,0.06053378947884614,0.08697359619676365,0.9943697772438244,5.2696436264985325,43.406887634516636,35.075479199555,23.69562606231841,12.714967407319875,4.071613659468951,16148.0,36077.002612745004, 0.0, 0.0,0.0,NaN, 140.53002294015235,140.53002294015235,0.0, 84.01929410737942, 10.840224716639879, -4.372466032707504, 10.840224716639879, 65.84480452028859, -3.990242964984104, -4.372466032707504, -3.990242964984104, 28.38433533351261, 4.163350713394761, 2.7400312577586754, 6.0, 0.0
444, 0 ,1.0,1.0,1.0,68.49519626681307,28.69475706835026,292.77692378076677,9.182346687794295,8.443802750198131,3.6639182361513942,42.0,37.0,15.0,-0.8055157793741121,0.5917297302926612,-0.03162681563311302,9.962832765970465,-0.5918788744556535,-0.8008386643186383,0.09130625228015937,7.537042316937609,0.028700647247498337,0.09226787100672529,0.9953205075891187,3.601742468625459,45.0565260079547,35.51481882921286,15.98982363087731,12.2214551386912,4.4354962195075,10929.0,25586.50576700948, 0.0, 0.0,0.0,NaN, 74.61336224102043,74.61336224102043,0.0, 84.31549069484687, -20.35026308481213, -0.17071200489613686, -20.35026308481213, 71.29780488425351, -4.820036807334856, -0.17071200489613686, -4.820036807334856, 13.424296841202743, 4.485413959776999, 2.770794639280748, 2.0, 0.0
445, 0 ,1.0,1.0,1.0,142.99038142620233,69.39195688225539,9.102985074626865,7.208980051772314,6.578031556300584,5.932232642450754,33.0,31.0,23.0,-0.9765626524650105,0.15395384118937527,0.1504114377085078,7.243811704290018,-0.18901006257613265,-0.9477105390689489,-0.25713795982431165,6.619847793034881,-0.10295912808231326,0.2795406033489219,-0.9545975429592568,5.842609336292977,34.65794735904757,32.70378633349678,26.251811666379048,10.982679310308916,3.1324162931524,12060.0,29755.013687382838, 0.0, 0.0,0.0,NaN, 159.19911179911935,159.19911179911935,0.0, 51.96939338685115, -1.0217689056101458, -2.2226412712556622, -1.0217689056101458, 43.27049915568628, 2.7850903442984127, -2.2226412712556622, 2.7850903442984127, 35.191384124158255, 5.01229541644973, 2.806060748009307, 2.0, 0.0
446, 0 ,1.0,1.0,1.0,147.41940532081378,131.0813771517997,15.838754750726581,6.868526696471189,7.248331811081752,8.279854583342269,32.0,33.0,33.0,-0.28014696385987037,-0.32880390740259063,0.9018900537853188,8.522386088083294,-0.32526361744951016,-0.8514231639806332,-0.4114391510307042,7.174187289318128,-0.9031728836738597,0.40861545041028036,-0.13157566599583845,6.6461219555769215,38.591900963933114,32.93934936178741,31.822093206315827,12.484215383586019,3.523539584169096,17892.0,40451.99375620811, 0.0, 0.0,-1.7763568394002505E-15,25.592370648190343, 197.9031951566432,197.9031951566432,0.0, 47.176658980137425, 4.642652909283208, -6.21411891624485, 4.642652909283208, 52.53831404353968, -5.883144808688767, -6.21411891624485, -5.883144808688767, 68.55599192129397, 3.8445365737824666, 2.5820237299770494, 1.0, 0.0
447, 0 ,1.0,1.0,1.0,46.18389074093989,140.8129906441553,6.627701903430476,8.096269527349383,6.373621831089852,4.28766031419971,33.0,25.0,16.0,-0.9467550110519384,0.3098865195434719,0.08732292971080002,8.302778306707516,-0.3105954114095612,-0.9505251573713474,0.005693471305007303,6.133969813119117,-0.08476697151231456,0.02173177879071799,-0.9961637869001373,4.242045873939242,34.60374934928109,26.242916697877263,17.23401708552819,10.62553875728929,3.413882334313836,9299.0,15650.267987666803, 0.0, 0.0,0.0,NaN, 148.3414187967837,148.3414187967837,0.0, 65.54958025948619, -9.149931605710881, -4.246195317224016, -9.149931605710881, 40.623055245745164, 1.2722414894145084, -4.246195317224016, 1.2722414894145084, 18.384030969963153, 4.738360794417537, 2.642070954636795, 0.0, 0.0
448, 0 ,1.0,1.0,1.0,197.30619928938856,72.98043166993689,22.529193402980326,8.304858475704677,6.4457209216197,8.048384003856796,37.0,29.0,37.0,-0.8577706311480708,-0.19240372071017403,-0.4766658710215386,8.446478880999011,-0.4988136083702109,0.08758579833289862,0.8622724117325565,7.983542587431907,-0.12415525943161096,0.9773993739445869,-0.17110211970691408,6.341491925558716,40.1535770770532,37.89826471112982,30.411383498362696,12.73620025546032,3.6171370760917907,18857.0,46278.550001014235, 0.0, 0.0,0.0,NaN, 127.98329838893042,127.98329838893042,NaN, 68.9706743014838, 4.109719867305737, 2.610194479036523, 4.109719867305737, 41.547318199405915, 4.631344984127881, 2.610194479036523, 4.631344984127881, 64.77648507353794, 4.820202118665029, 2.7076387883697492, 3.0, 0.0
449, 0 ,1.0,1.0,1.0,248.06808203918484,253.51615228359873,53.71961208308761,7.280673597340358,6.277797203452244,7.6411524355591345,33.0,30.0,34.0,0.36478156319207444,0.1891085271012864,0.9116865558582775,7.70367591879098,-0.8721412237922578,-0.27347618917947863,0.40568517315032915,7.354194170281857,-0.326043090583575,0.9431059001668114,-0.06517027047096559,6.113539216048705,36.732872131087305,34.264069413221534,29.375992915049324,11.821447408578678,3.325588289061859,15261.0,36973.144063554144, -2.8421709430404007E-14, 0.0,0.0,68.60585964917176, 87.9969824708088,87.9969824708088,0.0, 53.00820803100899, 5.500866114759249, 1.3950804695414438, 5.500866114759249, 39.41073772767281, 1.9342517280334859, 1.3950804695414438, 1.9342517280334859, 58.387210543451296, 4.452922488317742, 2.5553010924694823, 2.0, 0.0
450, 0 ,1.0,1.0,1.0,202.05971152354857,209.56919815954092,81.28397870030501,6.84339345468401,7.486226572075317,8.962879051929495,32.0,37.0,42.0,0.3157370093485908,-0.2499555084771577,0.915331844037742,9.291456975238537,0.13725817915979505,-0.9424996302960161,-0.3047205919290838,7.394627589984507,-0.9388665151028368,-0.22184835062221933,0.2632735766172811,6.495932053701459,41.66858097222263,37.405408392148644,29.203668320344462,12.987706652805988,3.8116005908582653,19343.0,45517.72197610559, 0.0, 0.0,0.0,NaN, 156.13172394395235,156.13172394395235,0.0, 46.83203397561195, -5.097990170825134, 12.232797632277714, -5.097990170825134, 56.04358828844655, -6.512309646402149, 12.232797632277714, -6.512309646402149, 80.33320089951656, 4.285336050175033, 2.6613125226700682, 8.0, 0.0
451, 0 ,1.0,1.0,1.0,50.02321862607138,142.15319176154534,74.13726493539721,6.896614830937781,7.557049687728697,6.859979687698387,32.0,35.0,31.0,-0.43988284704043834,0.7378579615620278,-0.5119264687815307,7.861269495620287,-0.5961239366842713,-0.6662463714537394,-0.4480535957190533,7.201167927979597,0.6716690650846183,-0.10808053055132114,-0.7329251434656199,6.17051373995827,36.88886463741022,31.590278937596423,29.9668706983646,11.870015996948304,3.291555507193675,15634.0,34921.27915431922, 0.0, 0.0,0.0,NaN, 167.94697491115372,167.94697491115372,0.0, 47.563296126310966, -2.2266603946169203, 9.02342157019644, -2.2266603946169203, 57.1089999828004, -4.847367885395682, 9.02342157019644, -4.847367885395682, 47.05932131563446, 4.314035268730866, 2.6574485390506286, 4.0, 0.0
452, 0 ,1.0,1.0,1.0,88.06292645943897,17.38616599027784,144.67020470053072,6.881804905854304,9.5142824793153,8.34066557384431,31.0,37.0,38.0,0.05509718980028243,0.8841762319017623,0.46389297323425044,9.89484354558831,0.4242965427454467,-0.4412971079339825,0.7907144278077669,8.161530536478873,-0.9038455307686004,-0.15326204184045264,0.3994671488877683,6.552022785644938,44.02225029188926,41.51982895638213,28.870255112937464,13.794014442145778,4.143992958853558,22423.0,52768.9455446068, 0.0, 0.0,-2.8421709430404007E-14,62.361399319382585, 170.25517881267373,170.25517881267373,0.0, 47.35923876224037, -1.755825724135103, 9.350325164677084, -1.755825724135103, 90.52157109620609, 14.286879431748874, 9.350325164677084, 14.286879431748874, 69.56670221471164, 3.799601893915052, 2.485033771823794, 7.0, 0.0
453, 0 ,1.0,1.0,1.0,136.96631232220392,34.054399361181815,198.73938214303539,6.762463371863124,7.404627101021426,9.091520200678907,31.0,36.0,41.0,-0.07202450826522956,0.1591832901051737,0.9846182764708584,9.142871604627162,0.038499060541474305,-0.9860027482352288,0.16222331154923214,7.35543044212401,-0.9966595670270646,-0.049590932879584305,-0.06488795596685719,6.746902604358664,40.94919226103539,35.696821308558945,31.255180267465562,13.017001671460505,3.7111750707192566,20037.0,45687.44725179371, 0.0, 0.0,0.0,NaN, 173.70430494310898,173.70430494310898,0.0, 45.73091085579037, -0.7622538519340365, -2.646300197307563, -0.7622538519340365, 54.82850250518097, 4.594453933427732, -2.646300197307563, 4.594453933427732, 82.65573955935265, 4.061419652523845, 2.7559128028889885, 7.0, 0.0
454, 0 ,1.0,1.0,1.0,245.17544480388193,174.30565103113628,201.94621916700365,7.8336617958209445,8.19488392438284,7.170694706617482,35.0,38.0,35.0,-0.6016498726335082,0.7458914026793434,0.28576816857222787,8.611639935638243,-0.6230157013087254,-0.6621050110617455,0.4164953664204718,7.64890273475993,0.4998688494824222,0.07254632820458667,0.8630574509157269,6.875695369490093,40.13685883493334,34.44881694223932,33.979453224525685,12.9118007548143,3.6368452687577126,19784.0,46982.27893517502, 0.0, 0.0,0.0,NaN, 168.58038186812834,168.58038186812834,0.0, 61.36625713130463, -7.432516919180857, -7.536561197364971, -7.432516919180857, 67.15612253410828, 2.6336540991269968, -7.536561197364971, 2.6336540991269968, 51.41886257551198, 3.834922394831618, 2.574399519878955, 6.0, 0.0
455, 0 ,1.0,1.0,1.0,284.74252447737496,104.28250860015878,265.80074093675574,7.17201930375855,8.014910585640619,7.981981526443491,27.0,39.0,35.0,-0.40537917346597513,0.6827857638087961,0.6078415307134606,9.1206964195549,0.361609856680119,-0.49092094208155546,0.7926127302646246,7.234015724022313,-0.8395868253324529,-0.5411101822788017,0.04789293645596548,6.623488129732015,42.36904923274548,32.248941650809286,33.412966777088116,12.853665144021198,3.7645682412668733,18895.0,45654.040929932795, 0.0, 0.0,0.0,NaN, 110.80262397497897,110.80262397497897,0.0, 51.43786089348527, -12.38420723261328, -7.262947623322767, -12.38420723261328, 64.23879169581404, 13.025331827446319, -7.262947623322767, 13.025331827446319, 63.71202908848516, 4.2405597786718525, 2.6475274288605237, 3.0, 0.0
456, 0 ,1.0,1.0,1.0,291.8603316326531,127.29408482142857,270.7729591836735,5.045751308533921,7.262009104590285,8.389776162053245,21.0,34.0,36.0,-0.02712054757867175,-0.3786454923609436,0.925144349284895,8.602309616552207,0.03755134661711806,-0.925217445891373,-0.3775745942002525,7.013894044509084,-0.9989266100501447,-0.02450038638435961,-0.03931105189056927,5.038877468787495,39.74216994439226,33.62776189385298,21.866250170651995,11.635856374449947,3.6320205100259937,12544.0,29222.936364337886, 0.0, -1.4210854715202004E-14,0.0,67.75019345312162, 130.85968877593533,130.85968877593533,0.0, 25.45960626757178, -0.3278669796601671, -1.557140904831314, -0.3278669796601671, 52.73677623515219, -8.712168879828674, -1.557140904831314, -8.712168879828674, 70.38834404935687, 4.610999519117081, 2.9143723767775094, 3.0, 0.0
457, 0 ,1.0,1.0,1.0,75.75824216168589,273.54324840296647,271.6608047580586,8.519176298668478,10.696056755942418,7.4598348723529755,41.0,52.0,37.0,0.39876689322366154,-0.8682557591228998,0.29515572435354454,11.603896536350694,-0.9008293398497403,-0.31059806582237015,0.303373271685697,7.832998759286116,-0.17173079320445106,-0.3868601533594786,-0.9060064880606818,6.828238928713633,54.35842810977232,38.645948913179424,33.164826126082744,14.87692853791861,4.616072847624151,27238.0,69670.4458673365, 0.0, 0.0,0.0,NaN, 85.10217945186041,85.10217945186041,0.0, 72.57636480779475, -26.35555875124708, 6.334657439305953, -26.35555875124708, 114.40563012634146, -23.946432484212984, 6.334657439305953, -23.946432484212984, 55.64913632277353, 4.7447469305104555, 3.171219620673332, 7.0, 0.0
458, 0 ,1.0,1.0,1.0,203.75193281791522,289.1553585710477,113.67821914156225,6.49241654064252,6.147290473318225,8.851248739014325,28.0,25.0,37.0,0.1784219462934977,0.0890418477370817,0.9799169140454748,8.933129457326107,-0.8279670751067241,-0.5245017224736802,0.19841488266095172,6.577111514463978,-0.531635337068612,0.8467405107078021,0.01985889992507619,5.9351545190852635,38.575954532560445,33.68404798235832,28.492973576520797,12.04517051399195,3.633059898944268,15004.0,37023.60755339868, 0.0, 0.0,0.0,NaN, 149.34535209107347,149.34535209107347,0.0, 42.151472537208576, 4.196363943044476, 6.473829088569283, 4.196363943044476, 37.789180163349016, 3.0533905079324084, 6.473829088569283, 3.0533905079324084, 78.3446042399027, 4.326911637685166, 2.7151207399922823, 4.0, 0.0
459, 0 ,1.0,1.0,1.0,255.28219937622734,293.08547995841514,120.31338800970313,6.701024516758823,4.038436457695689,7.869258998610297,29.0,16.0,34.0,-0.4640121586288809,-0.0722327771884913,0.8828788946079771,8.296932475476762,-0.8855992064229414,0.06051889543580662,-0.460490508999139,6.192564505401197,0.02016834717131095,0.9955500435411915,0.09205079346485716,3.9938693178522944,37.52883965907364,28.39356944316603,17.32973094580325,10.537728347021693,3.477674088903963,8657.0,18466.17510247063, 0.0, 0.0,0.0,NaN, 128.54105808809237,128.54105808809237,0.0, 44.90372957420281, 0.5722735891869952, -12.532818171156874, 0.5722735891869952, 16.308969022845705, -3.9969859220492303, -12.532818171156874, -3.9969859220492303, 61.925237187209135, 4.016152389525706, 2.568883073835439, 2.0, 0.0
460, 0 ,1.0,1.0,1.0,34.53963083604778,46.04831704668838,136.8074782844734,6.416849213344754,6.888663986698125,7.651220761802367,28.0,32.0,37.0,-0.28172451489029193,0.2346836054182398,0.9303520317910453,7.800489617512682,0.11980344548990735,-0.9534345655802706,0.27678450752436895,6.852856237522891,0.951986571417148,0.18943636003855405,0.24048998593863907,6.273878195278496,35.33252535211746,31.262626790535407,27.94576686750038,11.681105767777103,3.2745369957101054,14736.0,30868.54625905605, 0.0, 0.0,0.0,NaN, 148.4241210709346,148.4241210709346,0.0, 41.17595382680319, -2.288695518136952, -5.379551256659353, -2.288695518136952, 47.453691521631704, 2.6856050123137063, -5.379551256659353, 2.6856050123137063, 58.54117914583559, 4.259240537240745, 2.5993075063689854, 1.0, 0.0
461, 0 ,1.0,1.0,1.0,74.83101391650099,242.9770129224652,132.71875,6.757471188589636,7.278554409911875,7.41413648439718,33.0,34.0,37.0,-0.3267174152281098,-0.2621415870388902,-0.9080404830905917,7.471038417852997,-0.2516791753574626,-0.9019429219958719,0.3509366868153521,7.353810122938403,0.9109957866412174,-0.34319200720046067,-0.22870488170493553,6.611751099872809,34.227874822923496,33.27899956199337,31.32959745068188,11.953763189722258,3.2737954389319786,16096.0,35686.58674912746, 0.0, 0.0,0.0,NaN, 162.68241546208603,162.68241546208603,0.0, 45.66341686461903, 3.388883893458337, 2.674763916500907, 3.388883893458337, 52.9773542980476, -0.39973052311152235, 2.674763916500907, -0.39973052311152235, 54.96941980926938, 3.607388144908899, 2.4705644197039587, 2.0, 0.0
462, 0 ,1.0,1.0,1.0,130.59687371452077,39.96715049656226,151.59928306987132,8.03034057367369,6.6794072955467145,7.682872701831411,39.0,34.0,39.0,-0.7771210257612118,0.05295576862714993,0.6271192852153005,8.52323993215336,0.5391619050566329,0.5700132502229726,0.6199913988967467,7.546009707697605,0.3246341809722814,-0.8199271803882037,0.4715210148075114,6.2080192534993595,42.232367616138546,31.822738885873036,29.43080040791122,12.431924573073879,3.684377275868771,17017.0,39553.512647222255, 0.0, 0.0,0.0,NaN, 201.68214925520186,201.68214925520186,0.0, 64.48636972918989, 4.252139178845707, -10.46993701243949, 4.252139178845707, 44.61448181980267, 7.6362460619414945, -10.46993701243949, 7.6362460619414945, 59.02653295254629, 3.935411598945173, 2.5298300801107994, 6.0, 0.0
463, 0 ,1.0,1.0,1.0,245.38348101675183,287.7469762628549,156.7787335877369,7.103790131429799,6.811098260459392,7.729131684280422,28.0,28.0,37.0,-0.5173338943130058,-0.0970592339909363,0.8502618107924365,8.104787451516533,0.5054075473687861,-0.8364246145161031,0.21203083571560255,6.876158838868859,0.6906003568328125,0.5394194743691415,0.48176527252772255,6.60493984275146,37.28330310994188,33.284002526013865,34.30100613007909,12.008339805473849,3.520531984552816,15461.0,42565.406677308245, 0.0, 0.0,0.0,NaN, 153.7707120659945,153.7707120659945,2.6973983046972182E-6, 50.463834231399396, -0.43786445006576213, -9.312729541536179, -0.43786445006576213, 46.39105951363295, -2.469154272347989, -9.312729541536179, -2.469154272347989, 59.73947659294751, 3.997144226126248, 2.5523732881168137, 4.0, 0.0
464, 0 ,1.0,1.0,1.0,165.96775751720807,221.56092259388961,177.68143943968118,8.394974310809737,6.959962045607084,6.87494727552778,40.0,32.0,34.0,-0.8620091010163133,-0.5000646693079859,-0.0829194565523828,9.012404276015747,0.25896501728655685,-0.2938326185989893,-0.9201084240832894,6.995335764794708,0.43574927376511036,-0.8146150739810523,0.38278564713952284,6.001950691247843,44.423672145808354,36.563846601526365,29.002154720032053,12.351490473171735,3.690833034408696,16562.0,47108.209593126594, -2.8421709430404007E-14, 0.0,0.0,30.457081384725452, 197.68449900494497,197.68449900494497,0.0, 70.47559367915542, 18.501481262235046, 0.1543224647258587, 18.501481262235046, 48.441071676291145, 5.364897210805803, 0.1543224647258587, 5.364897210805803, 47.26490004128684, 4.397867311117457, 2.6706017459706035, 9.0, 0.0
465, 0 ,1.0,1.0,1.0,142.74171523730226,286.4857618651124,191.14598945323343,7.635082709584107,7.38394752036704,7.412391631183308,33.0,28.0,34.0,0.15523248338687298,0.683878284936067,-0.7128908524412758,7.863315441759857,0.9866696830314683,-0.14301215602024653,0.07765603529039333,7.631048784671412,0.04884478158540942,0.7154425306223737,0.6969621027635065,6.906235108154596,38.32320378377041,34.09247696465238,35.34576761225003,12.477806318675105,3.4734806942591145,18015.0,46180.40975309941, 0.0, 0.0,0.0,NaN, 180.01951981207236,180.01951981207236,1.9073486328125E-6, 58.29448798219019, 0.013835690167526588, -0.7569642561257311, 0.013835690167526588, 54.52268098353456, -7.008579167651655, -0.7569642561257311, -7.008579167651655, 54.943549694036335, 4.240263146127293, 2.63491080419284, 2.0, 0.0
466, 0 ,1.0,1.0,1.0,199.0306237184999,68.55493088167206,206.62345393213837,6.988007742816219,7.247124273278491,6.9432675139162425,33.0,35.0,35.0,0.6277923574922344,-0.7267417566233364,0.2787887642183044,7.65610841972469,-0.20693812498038056,-0.5011059560474069,-0.8402793780900606,6.998060184593177,0.7503688215164241,0.46982894759033417,-0.4649810659609833,6.478671448224455,35.8830184794688,33.84967249026607,35.03247720572965,11.773973124387316,3.306899315372487,15119.0,42551.44255942129, 0.0, 0.0,0.0,NaN, 153.66773522906323,153.66773522906323,0.0, 48.83225221365943, -6.867314835519165, 4.129991456407157, -6.867314835519165, 52.52081023234229, -0.42461660762218406, 4.129991456407157, -0.42461660762218406, 48.20896376980463, 4.086366745145779, 2.5521358471523583, 5.0, 0.0
467, 0 ,1.0,1.0,1.0,23.624375260308206,177.90691378592254,254.39431486880466,7.253074099821128,8.599303441061297,7.365394404556812,33.0,40.0,33.0,0.4356400725424296,0.8962236328813047,0.08367154271472915,8.997468097755807,-0.2386699171889589,0.02538255152954516,0.9707689718500822,7.384453855994791,-0.8679022973954166,0.4428757454895064,-0.22495927683221192,6.731979454972492,41.70495263121168,33.374224911515824,30.243699416153518,12.91464010653296,3.7438228086215983,19208.0,42095.312091811094, 0.0, 0.0,-2.8421709430404007E-14,85.20036226922936, 132.45645066965878,132.45645066965878,0.0, 52.60708389749607, 13.857162794951654, -0.8351217316521425, 13.857162794951654, 73.94801967144865, 2.899158422814593, -0.8351217316521425, 2.899158422814593, 54.249034734676805, 4.30442116590607, 2.6348960872299574, 6.0, 0.0
468, 0 ,1.0,1.0,1.0,173.04892357075656,211.88571586695446,283.870275056727,6.934913014298101,8.007236347774466,7.653431506263324,32.0,38.0,33.0,-0.22986914280039528,0.8194976150563752,0.524960794826742,8.300794391917599,-0.055542502301742416,-0.5495727202812223,0.8335975381206195,7.414505506999903,-0.9716353264606387,-0.16246071537331777,-0.17184675828806717,6.848779950899524,38.922406881994334,36.82081347829677,31.273563247943258,12.566242361305365,3.587954735362175,18069.0,44819.853651917445, 0.0, -2.8421709430404007E-14,0.0,34.96546532948309, 155.37332751012426,155.37332751012426,0.0, 48.09301851588118, -3.897502508516631, -3.028076990987138, -3.897502508516631, 64.11583392912056, 5.76673407450008, -3.028076990987138, 5.76673407450008, 58.57501382106409, 3.603380155507936, 2.44039109110965, 5.0, 0.0
469, 0 ,1.0,1.0,1.0,65.48119519030828,59.986890877859146,287.3778591447428,8.317214346141634,10.236543729113523,6.728585774995148,34.0,43.0,28.0,0.48922592857028757,0.8659455583332704,0.10390515298781458,11.089517881474366,-0.8229657781516108,0.41889985119741663,0.38373199326886454,7.307783164851922,0.2887651620363052,-0.27324202581166646,0.9175802289306818,6.546422450556625,50.531162189924444,35.1418551522122,34.653315143177366,14.09874830880231,4.523499160410951,22122.0,61535.92870308335, 0.0, 0.0,0.0,NaN, 89.69689203374544,89.69689203374544,0.0, 69.17605447966422, 30.30668775902685, 0.7417814575632309, 30.30668775902685, 104.78682751805339, 8.904600811498703, 0.7417814575632309, 8.904600811498703, 45.27386653146706, 3.9477098304446594, 2.6839916386059657, 1.0, 0.0
470, 0 ,1.0,1.0,1.0,59.37293936455422,125.02698077690947,204.47378928754776,6.229591503760336,8.050671756549594,8.080158232216093,29.0,37.0,38.0,0.3456170966637649,0.7288646997804605,-0.5910203650532264,8.41112892544734,-0.049143397252690374,-0.6149101608828488,-0.7870644322731732,7.985516986244967,-0.9370879088965847,0.3010676725538093,-0.17670457702860484,5.864683431778222,38.11346716328073,38.34489219754488,27.426080296102533,12.489141719413226,3.5960286713938867,17531.0,40082.0312622434, 7.105427357601002E-15, 0.0,-2.8421709430404007E-14,47.27607079773276, 168.17297281090248,168.17297281090248,0.0, 38.80781030372296, 10.045154279879425, -6.289466337458669, 10.045154279879425, 64.81331573170532, -1.443505922823001, -6.289466337458669, -1.443505922823001, 65.2889570576495, 4.80108032975539, 2.68501857258695, 3.0, 0.0
471, 0 ,1.0,1.0,1.0,257.4689900788603,122.57547697786822,287.4616636988044,8.913687277601962,8.490819199546355,6.615072878920828,44.0,42.0,27.0,0.8531823367365785,0.31759623452330193,-0.4137783610791317,9.349735065339765,0.4053965052401335,-0.9029071646691901,0.1428717100343201,8.610709066523459,0.3282279296766178,0.28963992094610186,0.8990968481618306,5.809058816654271,43.79847761055065,41.18925192815226,29.88072247509291,13.350714102401072,4.131035428516394,19655.0,53905.61603194444, 0.0, -1.4210854715202004E-14,0.0,71.48238253873218, 130.3489326326298,130.3489326326298,0.0, 79.45382088288308, -0.24404715247969516, -16.60796825111077, -0.24404715247969516, 72.09401067938501, -12.26481191031177, -16.60796825111077, -12.26481191031177, 43.7591891934339, 3.9896081330378346, 2.524173785711725, 4.0, 0.0
472, 0 ,1.0,1.0,1.0,155.71574628371562,7.5627228089056295,56.785699872200176,8.393323985309086,5.056685874903173,9.069699541560833,39.0,20.0,37.0,0.6074835323013597,-0.06169881605116724,0.7919324555039695,10.014148909414944,0.7914970052361291,0.131177752145594,-0.596929550319188,7.293855904690236,0.06705407284350177,-0.9894370386436488,-0.12852275236387142,4.979347045113212,45.26734008482222,32.77103980784884,21.029255796960715,12.654524049980049,4.259158414812934,14867.0,31196.013622529077, 0.0, 0.0,0.0,NaN, 155.24096223846675,155.24096223846675,0.0, 70.44788752236481, 0.11993452548834158, 22.89569971479916, 0.11993452548834158, 25.57007203744527, -5.912838173863359, 22.89569971479916, -5.912838173863359, 82.25944977418878, 4.111363255266801, 2.585128867237115, 1.0, 0.0
473, 0 ,1.0,1.0,1.0,243.93752865657956,167.11502751031637,228.85568546538286,6.524307818990919,8.438914399210748,7.539186243017009,30.0,38.0,33.0,-0.02550173943456365,-0.9079729490941619,0.4182520591689443,8.676353894070342,-0.4075108635388024,-0.37260542251909956,-0.8337266309811763,7.439642373412582,-0.9128442130964468,0.1917037371117575,0.36050675415824746,6.324065339765547,40.4553031155578,34.44050087738208,29.310353869927795,12.535755786109796,3.670970557231267,17448.0,40838.142497985704, 0.0, 0.0,-2.8421709430404007E-14,65.27571822907309, 160.81955757095076,160.81955757095076,0.0, 42.56659251694604, 3.1484628602845524, 4.840365495029106, 3.1484628602845524, 71.21527623720651, -8.630121545679964, 4.840365495029106, -8.630121545679964, 56.83932920689693, 3.7173071540106415, 2.43441184669009, 4.0, 0.0
474, 0 ,1.0,1.0,1.0,284.2367525210354,129.2158777056972,48.896396685721626,7.424172225885453,6.622674188971307,7.709453044834181,32.0,31.0,37.0,-0.6581392947015711,0.07089011163928285,0.7495513730502326,8.710473997272196,-0.3764009004253823,-0.8931942081116581,-0.24602127703666113,6.729927330134451,0.6520544692958409,-0.4440480814816772,0.6145293080104172,6.103239613298256,40.59023073993643,29.200687496351918,28.440012116496916,12.075243003508795,3.549974550555205,15569.0,33708.88393502514, 0.0, 0.0,0.0,NaN, 139.05423629355644,139.05423629355644,0.0, 55.118333239608965, 0.9018739017791582, -18.30824832574787, 0.9018739017791582, 43.85981341326676, 3.819526670903055, -18.30824832574787, 3.819526670903055, 59.43566625050302, 3.9566979707110495, 2.385840681335967, 2.0, 0.0
475, 0 ,1.0,1.0,1.0,209.33939660038888,171.00225804428277,65.30207614627109,6.464356287662658,8.311337828121099,6.727149797230549,30.0,38.0,33.0,0.08496551669836615,-0.9823918023329683,0.1663947345355681,8.359519657692552,-0.5463615777984783,-0.18558913207516547,-0.8167286577322631,6.853664608008613,-0.8332285924509174,0.02151791729162714,0.5525098116392989,6.266298399770109,37.833608991120656,31.515003894993384,27.952451028032698,12.021967512628295,3.4048612639412266,15943.0,33328.443480605754, 0.0, 0.0,0.0,NaN, 170.65791393155132,170.65791393155132,0.0, 41.787902213843736, -1.7740210924928808, 3.8715715970975944, -1.7740210924928808, 69.07833649315674, -3.8364093797445116, 3.8715715970975944, -3.8364093797445116, 45.25454439437901, 3.7627562297293036, 2.4359210367380495, 3.0, 0.0
476, 0 ,1.0,1.0,1.0,5.393095149944465,117.38245094409478,69.1332839689004,3.6215285168592706,7.390204053184525,9.753174096182935,14.0,34.0,41.0,0.011415837796639513,-0.23472084789149905,0.9719957830219722,9.881543083423182,-0.0040237530362845116,-0.9720620381464744,-0.234689589470911,7.218467716103675,-0.9999267413460367,0.0012318926972305162,0.012041361280133656,3.6199198635610874,41.014015505561716,33.22623903199796,14.21599644757909,12.03671525916731,4.239395648712173,10804.0,19372.728079162334, 0.0, 1.4210854715202004E-14,0.0,76.42483171042826, 136.33464789723777,136.33464789723777,0.0, 13.115468798424908, -0.07397900403281711, 0.9749114202221131, -0.07397900403281711, 54.61511594770498, -10.390108233940772, 0.9749114202221131, -10.390108233940772, 95.1244049504538, 4.443409107556523, 2.7077182030865203, 2.0, 0.0
477, 0 ,1.0,1.0,1.0,277.51308032424464,195.93874355195283,87.9590088430361,9.217971410391987,8.345789254106174,7.015922771889729,42.0,36.0,32.0,0.8761440325997647,0.2847047372245771,0.3889920908472397,9.800980254471,0.2610606801358945,-0.9586131541458158,0.11361400435507382,8.20506216143,-0.40523938039979146,-0.0020083078686023853,0.9142084069142542,6.361140504376411,47.75396868916721,37.82032860028504,31.161432149475715,13.674948457851489,4.103919128464747,21712.0,56279.75231093139, 0.0, 0.0,0.0,NaN, 138.0984934266099,138.0984934266099,0.0, 84.97099692280403, 7.14615866024528, 19.744180245420875, 7.14615866024528, 69.65219827395408, 3.2317834267335095, 19.744180245420875, 3.2317834267335095, 49.22317234112085, 4.367831850790898, 2.844593310569807, 4.0, 0.0
478, 0 ,1.0,1.0,1.0,54.08773644168353,175.3395686466113,99.75047113840999,6.922714048534768,6.6107511697027626,7.180037424224238,31.0,31.0,34.0,-0.4599995488966536,0.13714093055859575,-0.8772643730258276,7.371256397734528,-0.7132451341870264,-0.6455295022861105,0.27308064786208736,7.110126002400275,0.5288494999273483,-0.7513215202852697,-0.3947583812698913,6.187861148055683,33.751709357749476,33.22446820298036,30.126999844111054,11.530635921244304,3.1974010524925593,14327.0,33783.89324525512, 0.0, 0.0,0.0,NaN, 168.5700533040573,168.5700533040573,0.0, 47.923969797780636, 4.634477714190654, 4.086386387870466, 4.634477714190654, 43.70203102772644, -4.092415864337584, 4.086386387870466, -4.092415864337584, 51.552937413260636, 3.711338598238762, 2.418500506324025, 4.0, 0.0
479, 0 ,1.0,1.0,1.0,234.90713259932983,173.92292963140258,108.16569787321343,6.355145498915214,7.335606938704672,7.32941132694769,27.0,34.0,35.0,-0.042189614013400115,0.6996829925033016,0.7132066646288615,7.873274618061839,-0.5098131669860784,-0.6289917686740967,0.5869070537213341,6.958735668207196,-0.8592500050841,0.3388407663517724,-0.38324452223237077,6.124281064724874,35.54833176813335,31.15597119349144,29.214605353959968,11.698931453087946,3.3247972460121042,14623.0,32356.425830531236, 2.8421709430404007E-14, 0.0,0.0,87.58199548900944, 178.41616310068093,178.41616310068093,0.0, 40.38787431238231, 2.7781124556824635, -4.003212903520205, 2.7781124556824635, 53.81112915917212, 8.186606134384945, -4.003212903520205, 8.186606134384945, 53.72027039958909, 4.003651683180372, 2.392808302393698, 8.0, 0.0
480, 0 ,1.0,1.0,1.0,112.50545501219355,104.9881915030163,122.03292260300347,7.373208569940068,7.043458561826361,6.974696693138575,32.0,33.0,32.0,0.7116040472000256,0.4093567211100302,0.5710050392865096,8.174514760308112,0.38629678775091475,-0.9068181326717468,0.16868807317368695,6.798981083411082,0.5868513199966992,0.10053829688119355,-0.8034286396926366,6.290633652518949,37.741682334547335,33.942197203450704,28.741445317584564,11.893716065655054,3.340722263053327,15582.0,36818.815354008206, 0.0, 0.0,-1.4210854715202004E-14,55.17966002611674, 196.3976373625848,196.3976373625848,2.6973983046972182E-6, 54.36420461583766, 5.607175184330872, 11.50633433312442, 5.607175184330872, 49.61030851216506, 5.351819904951363, 11.50633433312442, 5.351819904951363, 48.64639396127817, 3.997859270472671, 2.404651515918203, 0.0, 0.0
481, 0 ,1.0,1.0,1.0,62.70798576678528,179.97678352680396,166.7777518520679,6.716907845373692,7.279700271342161,8.114523397590082,32.0,32.0,37.0,0.39253984146929144,0.26023756557284433,-0.8821501472674497,8.342591855637059,0.38443952217008454,0.8249026401252819,0.41441752871708654,7.563264867506125,-0.8355349942718742,0.5018087721224685,-0.2237615462228475,6.095454264291096,36.97951555589907,34.479321429830634,27.578578127788987,12.326370332728066,3.466550365175681,17143.0,35163.47594772442, 0.0, 0.0,0.0,NaN, 189.96323689884898,189.96323689884898,0.0, 45.11685100324265, 9.672156468248291, -8.040691490902876, 9.672156468248291, 52.99403604057913, -0.5945549065435597, -8.040691490902876, -0.5945549065435597, 65.84548997003688, 4.136057873176373, 2.5834287483980956, 1.0, 0.0
484, 0 ,1.0,1.0,1.0,5.18372026368587,64.51562052163943,214.53740326741186,3.5573305636096473,10.587906940811514,6.72093210127913,13.0,46.0,30.0,-0.004037509488456903,-0.9883495109366611,0.15214776616300704,10.664402048899236,0.015752857711578624,-0.1521929890752385,-0.9882252483873619,6.599587007632858,-0.9998677642523784,0.001593206705596283,-0.016183809852561452,3.556020627639471,47.90247927118298,29.662510309332447,13.391220249062588,12.199930093548273,4.592494763047133,10467.0,19027.689105542962, 0.0, 0.0,0.0,NaN, 107.20537154145455,107.20537154145455,1.9073486328125E-6, 12.65460073879133, 0.3292692974956876, -0.5432718527976582, 0.3292692974956876, 112.10377338728465, -10.55176893419525, -0.5432718527976582, -10.55176893419525, 45.17092831000431, 4.040387571655236, 2.6687782874971693, 1.0, 0.0
485, 0 ,1.0,1.0,1.0,177.240880078875,178.20974521301437,227.12168543407194,8.11558295272384,7.931659639080593,6.904839013965336,37.0,39.0,32.0,0.6454177351342447,0.6528455160061017,0.39652071749772194,8.558224455308979,0.7533673378780024,-0.6297096512464979,-0.18948194992037154,7.817314734090679,-0.12599048135789412,-0.4210207683211606,0.8982582653387973,6.488227617944654,37.712623923754336,38.53094307294087,29.036916525452142,12.78963803400041,3.588296540254123,19271.0,42193.62951319663, 0.0, 0.0,0.0,NaN, 187.65371410888298,187.65371410888298,0.0, 65.86268666254178, 4.103697925441731, 5.256817820301892, 4.103697925441731, 62.911224630220076, 10.33133451691561, 5.256817820301892, 10.33133451691561, 47.6768018087778, 4.538287948035073, 2.784862422198039, 5.0, 0.0
486, 0 ,1.0,1.0,1.0,215.16876361847193,56.80586209320307,226.69093976242357,7.277999010489488,6.530310570475441,6.993113634347596,33.0,28.0,31.0,0.6427258804789995,0.43498661920240794,0.6306267387903515,7.6074622664604945,-0.7660732376968119,0.3585481228604525,0.5334557508153511,7.036913060125192,-0.005936080122362325,0.8259720847026886,-0.5636797656867557,6.093130270646336,37.96733453059403,36.66309349997532,28.07068013397027,11.567031279759815,3.2743932902918917,14227.0,39074.38494547208, 0.0, 0.0,0.0,NaN, 125.68795863998788,125.68795863998788,0.0, 52.96926959668597, 2.3967192742123715, 3.345122206397755, 2.3967192742123715, 42.64495614686328, 8.06145888970363, 3.345122206397755, 8.06145888970363, 48.903638302898244, 3.4292910614364422, 2.3322508883897703, 8.0, 0.0
487, 0 ,1.0,1.0,1.0,203.31915907331307,154.5997260437139,238.82085641117266,7.336150697262919,6.799128148029653,7.697658973395999,34.0,32.0,33.0,0.5662609086055714,-0.35680872724816237,0.7429913293873216,8.409720810468148,0.810845550723448,0.07938656476544881,-0.5798510724373365,6.77842977468387,-0.14791239385927443,-0.9307982087940908,-0.33427027724362657,6.52921817499174,38.826428187932066,31.536069517268317,30.293518189954113,12.162697016265698,3.371943888546967,16791.0,37092.3814930672, -2.8421709430404007E-14, 0.0,0.0,55.51010305821165, 185.01705942727753,185.01705942727753,0.0, 53.81910705295122, -5.462565175883688, 10.260081620661403, -5.462565175883688, 46.22814357332914, -7.6002039223695625, 10.260081620661403, -7.6002039223695625, 59.25395367070394, 4.198713272368033, 2.5164956322494896, 2.0, 0.0
488, 0 ,1.0,1.0,1.0,85.00885993485342,176.58586319218242,244.0157654723127,6.723389070216201,8.095860253557209,6.61568654435351,33.0,36.0,31.0,-0.16518025480118942,-0.9857577223182035,-0.03157841531556738,8.127218479450738,0.7117923046714064,-0.14131348686736353,0.6880277708348371,7.316382354719163,-0.6826911442478086,0.09117132948145454,0.7249969587841057,5.910422261953771,37.83137998598755,33.585232071480704,28.904997821057847,11.946090861680815,3.435860214303817,15350.0,36725.9871582289, 0.0, 0.0,0.0,NaN, 159.97434152730037,159.97434152730037,0.0, 45.20396058950267, 3.1964379547793613, 9.269567159333256, 3.1964379547793613, 65.5429532451274, -0.8393992763848872, 9.269567159333256, -0.8393992763848872, 43.76730845314009, 4.039879256574261, 2.4406950950155615, 7.0, 0.0
489, 0 ,1.0,1.0,1.0,166.77658828777163,88.61161027209585,273.9641878544574,7.400689027671833,8.454193088744596,5.913617393740638,31.0,38.0,28.0,0.06830974526082212,0.9412843038768965,-0.33063217928294186,8.750220248619405,0.991961949261358,-0.09946318499356983,-0.07822126340415078,7.4132303884417174,0.10651417708459383,0.3226312664729205,0.9405125177125876,5.449046738115405,37.42196444373678,32.61937902039051,26.71483306105688,12.179211938999034,3.589045289568304,15693.0,32610.29559752975, 0.0, 0.0,0.0,NaN, 162.10600981252267,162.10600981252267,0.0, 54.77019808430226, 0.5213347106332599, -3.01896115352532, 0.5213347106332599, 71.47338078177688, -14.39159338731171, -3.01896115352532, -14.39159338731171, 34.970870679551815, 5.027411066060737, 2.6069563389699164, 4.0, 0.0
490, 0 ,1.0,1.0,1.0,196.7073773385104,89.87810330627133,276.55441816684316,7.030694703427787,8.74009761913244,6.411824491113061,31.0,42.0,29.0,-0.0539589387552076,-0.9626793064858541,0.26521120977878343,8.925253017296018,-0.8765817691292142,-0.08153209092029702,-0.47429623673445015,7.360619572946079,0.47821839671713695,-0.2580718330505647,-0.8394677444829031,5.75261729904056,41.55191813427348,34.40393564295994,25.6553578636171,12.403710388636926,3.6165503320752714,16998.0,36675.60445094138, 0.0, 0.0,0.0,NaN, 138.91412691917589,138.91412691917589,0.0, 49.43066801280753, 3.925972811236255, 8.100345685485212, 3.925972811236255, 76.38930639196455, -11.073905492310969, 8.100345685485212, -11.073905492310969, 41.11149330483726, 4.385079727837416, 2.5335431950321428, 3.0, 0.0
491, 0 ,1.0,1.0,1.0,78.72610367988977,120.28210574659855,274.89322004707503,7.153232669436815,7.396986570207824,8.082385470476313,34.0,35.0,36.0,-0.17706413545846827,-0.5311716516918515,0.8285559536768147,8.780289596419976,-0.8046109479759691,0.5629401749674764,0.1889433296118161,7.534919599222349,-0.5667887739992366,-0.633210104030674,-0.5270630416011973,6.110695874657294,41.08925397241205,34.015393999446204,28.31591974284902,12.550077999015672,3.7019785324774395,17419.0,39576.231215145555, 0.0, 0.0,0.0,NaN, 145.9312672563946,145.9312672563946,0.0, 51.168737623098146, -5.063957373154513, -8.786580581859221, -5.063957373154513, 54.71541031983491, -15.428341656313613, -8.786580581859221, -15.428341656313613, 65.3249548933666, 4.493052924436943, 2.81541213075555, 4.0, 0.0
492, 0 ,1.0,1.0,1.0,39.5000935453695,158.2328656064858,285.4570003118179,7.211391180638606,7.477539301281299,6.925174052267362,33.0,30.0,27.0,-0.6132247928859764,0.5349204102131069,-0.5812189846584439,8.055342560697794,-0.5084379783204864,-0.8304126982359993,-0.2278279456295543,7.267322967908558,0.6045214434503771,-0.15580406074890424,-0.7812035068167731,6.178451709491248,38.673529689769396,33.692959657252146,31.79283219664876,12.022190118296868,3.3678980352911125,16035.0,41426.87665357738, 0.0, 0.0,0.0,NaN, 147.8839971875663,147.8839971875663,0.0, 52.004162760192266, -2.5818116182357103, 11.217730869942745, -2.5818116182357103, 55.91359400220641, -5.536042355118679, 11.217730869942745, -5.536042355118679, 47.95803565419716, 4.021852248353232, 2.5135561447948427, 4.0, 0.0
494, 0 ,1.0,1.0,1.0,48.34089498724402,10.579880024822451,28.157070950837756,7.742425796962516,6.032521260822308,7.322404633984988,33.0,23.0,32.0,-0.8766330733802978,-0.03291760124844783,0.48003217203002263,7.88617482420463,-0.44472007797854957,0.4362823031243671,-0.7822287416243732,7.485199270882009,-0.18368044778518464,-0.8992075308339819,-0.3970986144434252,5.633304369978349,34.12718374069704,37.52171260116767,26.45796954081175,11.759551878560456,3.415701863891964,14503.0,33879.70463617507, 0.0, 0.0,0.0,NaN, 56.935021156032796,56.935021156032796,6.743495761743046E-7, 59.94515722147065, -3.834718805952018, -4.365687015165614, -3.834718805952018, 36.39131276227317, -8.772182768844303, -4.365687015165614, -8.772182768844303, 53.61760962380482, 5.163155526687201, 2.69781811034941, 3.0, 0.0
495, 0 ,1.0,1.0,1.0,218.28122186881114,245.9570305467203,59.68235011702575,7.4503626353427395,7.7909555132603945,6.720621804327315,35.0,37.0,31.0,0.668397924483997,0.6375329794036229,0.3831395499269491,8.180140232969617,0.49920368386704284,-0.7663631161751967,0.404330627308661,7.5259877284716366,0.5513981289042058,-0.07898907733972767,-0.8304943281576098,6.149671789970555,37.278999670099154,34.9306747793684,29.700577453852773,12.224176552557145,3.4558871880359456,16663.0,38675.51617243185, 0.0, 0.0,0.0,NaN, 114.71958926911235,114.71958926911235,0.0, 55.5079033981112, 5.1978848261458825, 11.250345517110759, 5.1978848261458825, 60.698987809602535, 1.274894237759648, 11.250345517110759, 1.274894237759648, 45.16675743679974, 3.565097430579296, 2.396515459135964, 4.0, 0.0
497, 0 ,1.0,1.0,1.0,182.61447447966145,264.64444252526124,89.81768719233095,6.341826181181042,6.393298818928121,6.698574388594925,28.0,28.0,31.0,0.046646715384759396,0.6185928095677616,0.7843258378345548,7.194167496047389,0.9749381247702524,-0.19918074016614531,0.09910946279912078,6.365323862940536,0.21753100195897834,0.7600460306441512,-0.6123808410530112,5.804354752998468,32.51660147667869,29.08704689679078,27.87506282487729,10.800625998254413,3.051295787986491,11579.0,26364.566469647227, 0.0, 0.0,0.0,NaN, 151.97563613492466,151.97563613492466,0.0, 40.21875931231332, -0.8044052653280536, 1.3205938014133831, -0.8044052653280536, 40.874269788107696, 8.63022870462269, 1.3205938014133831, 8.63022870462269, 44.870898839539876, 4.262519606704157, 2.464521478169019, 2.0, 0.0
498, 0 ,1.0,1.0,1.0,163.08938933407018,12.254282951091461,132.9011467256148,7.716052364545498,7.332918245908373,6.003519397982051,35.0,30.0,26.0,0.7736680417460982,0.5501915807164088,0.31420850671096956,8.012784661700326,0.6227094411186287,-0.751807317902424,-0.21683797796993126,7.301342798797498,-0.1169218248338736,-0.3634212174008872,0.9242587871480445,5.642435161807253,37.773405099188835,37.601237435090596,26.228927323183555,11.738296777280306,3.4005570167288903,14476.0,37253.64772691518, 0.0, 0.0,0.0,NaN, 191.1998890285939,191.1998890285939,0.0, 59.53746409240818, 3.72526650050343, 4.968977351274809, 3.72526650050343, 53.77169000117593, 9.096012634913746, 4.968977351274809, 9.096012634913746, 36.04224516194677, 4.883369168667594, 2.5743031731487047, 3.0, 0.0
499, 0 ,1.0,1.0,1.0,135.47053571428572,109.15251623376624,174.92832792207793,7.45492572532774,5.63919509025618,6.647427204409403,35.0,26.0,31.0,-0.8853333793907544,-0.025506238958001567,0.4642566521987208,7.743577889972938,0.4547073351950266,0.16099968463272843,0.8759682305129564,6.327670843824361,0.0970878295997214,-0.9866248189268195,0.13094052092929873,5.618034391865385,36.264202572659,28.860196590686257,26.59821138554298,11.030977614290595,3.1436062328263605,12320.0,27837.47566139805, 0.0, 1.4210854715202004E-14,0.0,88.53844165333005, 214.26493180930342,214.26493180930342,NaN, 55.57591757015333, 1.2619207299396915, -8.296795208140063, 1.2619207299396915, 31.800521265969405, 0.8592266099363237, -8.296795208140063, 0.8592266099363237, 44.18828843792221, 4.326778023152963, 2.464677860024477, 1.0, 0.0
500, 0 ,1.0,1.0,1.0,45.401873474503596,86.70618114651363,191.91015238472195,7.117217045151468,7.355276635717121,6.577921898613257,35.0,34.0,32.0,0.6402401059111941,0.7366388255394856,0.21784363082411085,7.7356322924973275,-0.5552744764475667,0.6397572820948209,-0.5313952162115583,6.938389325766492,-0.5308133971450839,0.21925752145469474,0.8186350082282331,6.327928251753394,36.98600447302127,31.981736269546843,28.058125209601144,11.7300313440402,3.2295965735384287,15159.0,33189.30089284666, 0.0, 0.0,0.0,NaN, 145.81737592447925,145.81737592447925,0.0, 50.654778467794586, 6.459987100431358, 5.150824702966812, 6.459987100431358, 54.10009438792616, 0.4236967294380223, 5.150824702966812, 0.4236967294380223, 43.26905650425583, 4.074883417796079, 2.528711294047606, 3.0, 0.0
501, 0 ,1.0,1.0,1.0,98.79055150040551,162.55636658556367,229.43477967018114,6.744556740600584,6.57960174441735,7.600903028184143,31.0,32.0,37.0,-0.33026549771208136,-0.259648125976407,0.9074731685829232,7.723039735318133,-0.6851396477888185,-0.595350290995026,-0.41969238025004896,7.004507579972111,-0.6492367550045245,0.7603557599499581,-0.018728434588002444,6.1518665781200035,37.115988979699054,33.80635831008283,30.751340892594406,11.665884037432756,3.2343594746644126,14796.0,38585.44248487904, 0.0, 0.0,0.0,NaN, 183.38422983482553,183.38422983482553,0.0, 45.489045627180765, 6.445064885689498, -3.3079628144166624, 6.445064885689498, 43.291159115139834, -2.333678443155653, -3.3079628144166624, -2.333678443155653, 57.77372684385887, 3.7661594597793457, 2.3053839383068127, 3.0, 0.0
502, 0 ,1.0,1.0,1.0,7.904513540621865,102.19839518555666,37.98234704112337,4.928690053757183,5.888120866142186,7.891318523036542,18.0,26.0,34.0,0.005624489819171604,0.0798140536328631,0.9967939014445087,7.90258050648853,-0.1513361147782592,-0.9852604715497925,0.07974448924724237,5.893911555318996,-0.988466360316878,0.15129943834718115,-0.006537161290037084,4.903660768127048,34.523880588357024,26.60453343821142,19.6472107136102,10.541669159493471,3.179319478144496,9970.0,18045.800666662777, 0.0, 0.0,0.0,NaN, 109.31446381686834,109.31446381686834,0.0, 24.291985646004985, 1.611521787026074, 0.08627827313435096, 1.611521787026074, 34.66996733429901, 2.215337768571504, 0.08627827313435096, 2.215337768571504, 62.27290803201963, 4.856210587211812, 2.6279027573460505, 1.0, 0.0
503, 0 ,1.0,1.0,1.0,25.345130860344707,36.422299453861974,35.784381871054684,5.290125812395167,8.28301790616528,7.953516459069244,22.0,36.0,32.0,-0.1488375484195253,0.9855166856689825,-0.08126651492767333,8.337257775441703,-0.08284065107218465,-0.09431950154648512,-0.9920893398066319,7.972183091261,-0.9853856152341589,-0.14092797414298847,0.09567912726165026,5.175584059288256,36.804443138423274,32.90413929107073,23.90880800855387,12.115812862640647,3.6137680455421113,14099.0,28954.00937452601, 0.0, 0.0,0.0,NaN, 57.00422389374544,57.00422389374544,0.0, 27.98543111096963, -5.979424721078943, 3.5386337907264513, -5.979424721078943, 68.60838563385468, 0.018922642722197847, 3.5386337907264513, 0.018922642722197847, 63.25842406468537, 3.5460000908309683, 2.315358142459223, 4.0, 0.0
504, 0 ,1.0,1.0,1.0,7.945830085736555,59.00974279033515,86.52075214341387,5.469926651861333,6.58895768531664,7.304676508147725,21.0,32.0,37.0,0.3274804395541327,0.4046675980753494,0.853815376283046,7.706688078853011,-0.062333439972458736,-0.8924228228895806,0.4468736370015496,6.40186942130864,-0.9427996096576579,0.19956362457552287,0.2670266948745909,5.129891481513001,36.00974755744464,27.48737834745426,22.397627883143592,10.742448680095695,3.3604398818947936,10264.0,22169.475685475423, -8.881784197001252E-16, 0.0,0.0,70.88408041897085, 105.02916981198588,105.02916981198588,0.0, 29.920097576742933, 5.199378116857599, 8.840075817589605, 5.199378116857599, 43.414363378893206, 5.578909273739153, 8.840075817589605, 5.578909273739153, 53.35829888868524, 3.975082211710356, 2.49357554625312, 6.0, 0.0
505, 0 ,1.0,1.0,1.0,259.4273741173365,243.11786444928396,143.52610044215666,6.772993862877001,6.029336615745861,8.486058797059593,32.0,27.0,40.0,-0.3017384708313427,0.01248854725791665,0.9533089380718871,8.65499483286473,-0.907518696643191,0.30266567847865467,-0.2912100656126077,6.612731112693263,0.292170687207678,0.9530149648659471,0.07999228886680869,5.966773958681454,41.151602894642735,31.05759254251663,27.515802298222127,11.923611836311268,3.473761732859102,15153.0,35167.11360605254, 0.0, 0.0,0.0,NaN, 159.6291227312756,159.6291227312756,0.0, 45.87344586656952, -2.380075904016609, -9.159046160061225, -2.380075904016609, 36.35290002597375, -0.24824228797545694, -9.159046160061225, -0.24824228797545694, 72.01319390715251, 4.255103428104345, 2.5104259249311403, 4.0, 0.0
506, 0 ,1.0,1.0,1.0,196.62149654543083,248.44896362925303,183.21822448181462,6.898329713627479,7.4493445939576075,7.049332581680404,33.0,33.0,32.0,0.547340932952218,0.6552704784454941,0.5206135833733195,8.256590421507074,0.2593987039999554,-0.7242597779884744,0.6388740770693626,6.8304881518764935,-0.7956948004594093,0.21463544457032013,0.5663933354621699,6.16002628104252,38.665436556237864,32.2381474463529,28.557962060342263,11.890686059414907,3.374072109636042,15342.0,35597.55810289774, 0.0, 0.0,0.0,NaN, 164.26383479203292,164.26383479203292,0.0, 47.586952837915774, 9.204219254013347, 10.056200597438133, 9.204219254013347, 55.49273487952543, 6.281115224172909, 10.056200597438133, 6.281115224172909, 49.693089847140904, 4.117437313332534, 2.450570026709893, 4.0, 0.0
507, 0 ,1.0,1.0,1.0,149.21359293052663,58.44730224872477,243.69890078310223,7.099560816822602,6.070218565300606,7.371696781661856,32.0,28.0,32.0,0.6282797173593232,-0.13367957912344386,0.7664165752906626,7.978291380379285,0.7744775956236419,0.200940303816404,-0.5998395186874517,6.466384756904886,0.07381768508908618,-0.970439469739123,-0.22977855631137206,6.01048795760215,35.812078927729516,30.465200438302446,28.321197934252297,11.458727493872795,3.2079268826162224,13919.0,30899.054618941675, 0.0, -7.105427357601002E-15,0.0,82.31772671780026, 169.85463558119827,169.85463558119827,0.0, 50.40376379176281, -1.4267425522996449, 10.612484228165568, -1.4267425522996449, 36.84755343052014, -3.5058809020471275, 10.612484228165568, -3.5058809020471275, 54.34191344076376, 4.406668981268913, 2.601928024394672, 3.0, 0.0
508, 0 ,1.0,1.0,1.0,205.25475488882935,261.99357085454056,268.1365523707474,7.036817723244163,7.533012365681057,6.610871936458143,31.0,33.0,30.0,-0.6134154852642791,-0.7784801639997331,0.1330040476712554,8.411685181601346,-0.34677774045051435,0.11419178126919054,-0.9309701583931704,6.657935256966516,-0.70955383246518,0.6171943545995201,0.34000659917780623,5.906111855661663,38.37671138231832,30.35172021663783,26.815670428603198,11.777247503996533,3.3560613763046154,14932.0,31234.871642654885, 0.0, 0.0,0.0,NaN, 106.94124285039312,106.94124285039312,0.0, 49.51680367016317, 16.757062447718155, 0.12265970946136281, 16.757062447718155, 56.746275301503715, -4.718650614278588, 0.12265970946136281, -4.718650614278588, 43.703627760249844, 4.441682975305139, 2.6362595181138406, 4.0, 0.0
509, 0 ,1.0,1.0,1.0,259.24156305506216,155.38905861456482,273.64973357015987,5.484644708148466,8.51582797571773,6.826066362804151,26.0,38.0,33.0,0.03577059429642179,-0.9949890403296979,0.09336634408323236,8.533109671120904,0.0856915601262216,-0.09002825937644893,-0.9922458712621494,6.817414704876905,-0.9956793766603859,-0.043493932190992,-0.0820417988329758,5.468521898867656,38.326131286047115,32.958863864405686,25.680086263313115,11.70979748636233,3.4751228042223863,14075.0,32438.718859825673, 0.0, 0.0,0.0,NaN, 152.53822829540078,152.53822829540078,NaN, 30.081327574620975, -1.6550479068931077, -1.2657970968769772, -1.6550479068931077, 72.51932611201674, -2.505786218841603, -1.2657970968769772, -2.505786218841603, 46.59518198940629, 4.117949549406502, 2.4219162480421823, 2.0, 0.0
510, 0 ,1.0,1.0,1.0,16.023286811980554,140.35612356907637,276.1914693429512,7.075535487292162,6.676468397366721,6.522854189166833,33.0,34.0,30.0,0.6480609910088058,0.5157919089079332,-0.5603353091121368,7.2162098591921895,-0.7473076982580081,0.5724863135393646,-0.3373286601141761,7.006650060382522,-0.1467929019299012,-0.6373524358745459,-0.7564613119173913,6.001602258192188,32.639230190431576,31.89041739445016,28.9733173508954,11.250455526920675,3.257807530054206,12754.0,30157.708151561343, 0.0, 0.0,0.0,NaN, 143.26001980889313,143.26001980889313,0.0, 50.063202431930726, -0.22689106946962836, -2.5340964712918956, -0.22689106946962836, 44.575230261036545, -7.1647838917739, -2.5340964712918956, -7.1647838917739, 42.547626773131306, 3.5563675730238145, 2.3088257117775948, 5.0, 0.0
511, 0 ,1.0,1.0,1.0,17.912018509254626,272.57772636318157,10.450100050025013,7.562856538846382,8.197602513945688,6.629903019427853,32.0,36.0,27.0,-0.6525662366443643,-0.7169390280682653,-0.24526666472299685,8.562063792531305,0.500364263287585,-0.6507957446029856,0.5710521016783997,8.081701227845075,-0.5690280404483454,0.2499266469170022,0.7834179984812322,5.45254701284734,38.55033685920435,37.799866963059,26.09161659799753,12.417253964122454,3.763629105175366,15992.0,38020.6412082839, 0.0, 0.0,0.0,NaN, 34.38060629983073,34.38060629983073,0.0, 57.19679902717148, 8.801016820472503, 17.142339342820563, 8.801016820472503, 67.20068697664865, -5.5613103027876996, 17.142339342820563, -5.5613103027876996, 43.95561404701856, 3.8541779341385807, 2.3333767550685844, 2.0, 0.0
512, 0 ,1.0,1.0,1.0,236.08931777378814,274.47591262716935,59.06867145421903,6.608275976664248,7.6537807229905646,5.941006104288769,29.0,36.0,26.0,0.26876351260322445,0.95220279243795,0.14517581191970924,7.7385864844541725,-0.8358769951487429,0.3054641358602836,-0.45607160697004495,6.77468908960295,-0.478618661644409,0.0012262856521410327,0.8780220230433939,5.635875374102426,36.66020044274791,32.084588943990866,25.467895807651537,11.294323471850912,3.159664789779828,13368.0,29956.038443472415, 0.0, 0.0,0.0,NaN, 90.69268044446694,90.69268044446694,0.0, 43.66931138375782, 3.5884021785726903, 6.4851889799268605, 3.5884021785726903, 58.580359355621965, 1.9186200036100594, 6.4851889799268605, 1.9186200036100594, 35.29555353119642, 4.394960978454651, 2.4463145153458385, 0.0, 0.0
513, 0 ,1.0,1.0,1.0,140.49329896907216,93.17481590574374,72.55640648011781,6.914267709116232,6.769968483858981,6.585071440687394,34.0,31.0,32.0,-0.774406939868925,-0.34685028317573074,0.5291396531576161,7.2435323351004754,0.30266751630588984,-0.9375237971536388,-0.1715852684348136,6.7029406146478685,0.5555954157982865,0.02727656194498354,0.8310052485468371,6.293215674961881,33.39408898273325,29.94031042629659,26.63112755304863,11.288054083063424,3.0955729877619267,13580.0,26626.58403092817, 0.0, 0.0,0.0,NaN, 183.53295479447394,183.53295479447394,0.0, 47.80709795332743, 1.9443967781607119, -5.547891532423348, 1.9443967781607119, 45.83247327244386, -1.5044115599263388, -5.547891532423348, -1.5044115599263388, 43.36316587895676, 3.7063148766975513, 2.3306365669535025, 0.0, 0.0
514, 0 ,1.0,1.0,1.0,266.73083430951453,121.80411297670182,71.8488220747104,7.450215393137882,6.179178361287876,7.69811364186575,31.0,25.0,32.0,0.6294085681242105,0.14235178398211507,0.7639246192975725,8.183200370751008,-0.7583071933938789,-0.10223455379491898,0.6438309533235054,6.96527438535715,-0.16974997737534703,0.9845222524694218,-0.04359907766921181,6.121200266015211,36.64472421326826,31.562681104346893,25.888175509417835,11.900681528050894,3.364920123233978,15366.0,29942.41250882012, 0.0, 1.4210854715202004E-14,0.0,81.81604321138049, 145.27674472297863,145.27674472297863,0.0, 55.50570940414865, 3.499076615361102, 8.789257327931969, 3.499076615361102, 38.18224522060832, 2.480473411745267, 8.789257327931969, 2.480473411745267, 59.26095364307956, 3.5878975597963843, 2.332301061163236, 2.0, 0.0
515, 0 ,1.0,1.0,1.0,78.20056397603102,63.04737398660557,124.36820585125132,6.269195523540965,9.151535019317782,5.511968973294647,28.0,42.0,23.0,-0.1481682094586804,0.9889589004801019,0.0025445759955124215,9.207240455826852,0.9573769454714423,0.1427905044290892,0.2510781872737209,6.232999486876714,0.24794266673079873,0.03963792383658218,-0.9679634647073955,5.460004420321344,42.5658175583885,29.60291735479578,23.943289709928337,11.840643481623115,3.6379073140805707,14185.0,30170.27803354441, 0.0, 0.0,0.0,NaN, 159.86791485296683,159.86791485296683,0.0, 39.302812512386076, -6.8180316525831985, 2.151953073894237, -6.8180316525831985, 83.75059320979973, 0.4623592293238261, 2.151953073894237, 0.4623592293238261, 30.381801962562847, 4.328001770632428, 2.531453698416121, 2.0, 0.0
516, 0 ,1.0,1.0,1.0,110.64968055978096,53.24931548524491,158.89869181624582,6.698800621993717,7.896302484687089,5.828623504277089,31.0,36.0,26.0,0.4120874873992598,0.9083585590100893,0.07119431860815448,8.168543891327444,-0.8159913279183952,0.40268913164844766,-0.41472836413029857,6.517688404235082,-0.4053912375606301,0.11281042294634666,0.9071558592566812,5.656235781707383,39.365502241359536,30.66249154460135,28.26630432404744,11.396828090180405,3.363136057370536,13148.0,34118.68376710203, 0.0, 0.0,0.0,NaN, 187.05191947369983,187.05191947369983,0.0, 44.87392977322341, 9.555015753349394, 4.568023616187129, 9.555015753349394, 62.35159292967549, 0.4946827065976607, 4.568023616187129, 0.4946827065976607, 33.97285195461133, 3.6204756575585284, 2.3692400378857412, 6.0, 0.0
517, 0 ,1.0,1.0,1.0,7.301122241470211,176.6441214129698,174.11983128718836,4.834164159976414,8.002284986983515,8.435071827010713,19.0,34.0,37.0,0.019268626448284486,0.6203422360743949,0.784094528852878,9.13773485196082,0.1740219164045506,-0.7743504225483908,0.6083566352971068,7.2543678342253175,-0.9845532452060095,-0.12472743580042578,0.12287381378050644,4.7362531569110295,41.6245021525765,34.37903841566403,21.558560084144705,11.981222563915455,3.8738160435482283,13277.0,30850.522795538658, -8.881784197001252E-16, 0.0,0.0,88.89592069989006, 176.3967007716668,176.3967007716668,0.0, 23.36914312560047, -3.338796219707252, 4.1191469845462665, -3.338796219707252, 64.03656501290175, 15.479265107476508, 4.1191469845462665, 15.479265107476508, 71.15043672682984, 3.966632328937057, 2.4804390696349463, 2.0, 0.0
518, 0 ,1.0,1.0,1.0,268.52416073245166,176.74008138351985,180.8758053577484,6.788515039044897,5.956075013188062,6.666224053947797,33.0,28.0,30.0,-0.7165035603456253,-0.31947571833023297,0.620127336447463,7.254435836188245,-0.6597730454847733,0.021658578739929595,-0.7511527370772964,6.312570490649342,-0.22654398350825927,0.9473469118355476,0.22629991642035882,5.78981205521432,31.86108745955913,28.449337568539136,25.80588687141966,10.816230583789897,3.001077322192246,11796.0,23391.148295107756, 0.0, 0.0,0.0,NaN, 174.28227030912495,174.28227030912495,0.0, 46.08393643533874, 4.282814242598936, -5.35334897651393, 4.282814242598936, 35.47482956272318, -3.8879095263770846, -5.35334897651393, -3.8879095263770846, 44.4385431374322, 4.041739706001814, 2.4249475573655035, 3.0, 0.0
519, 0 ,1.0,1.0,1.0,257.7754445964432,267.0469220246238,198.79445964432284,5.722575022174134,8.503792553331133,7.112681836147973,24.0,34.0,30.0,0.1694687376118328,-0.9767797512440857,0.13107884852939977,8.586594074148213,0.20554201602677324,0.16510807942350608,0.9646200297302201,7.161354096517347,-0.963863489618681,-0.1365307279282684,0.22874993707425545,5.535160818518964,36.741945583173305,32.88770546602899,25.816158637757553,11.957070348263562,3.561048197293813,14620.0,31195.169166179323, 0.0, 0.0,0.0,NaN, 114.50493363066876,114.50493363066876,0.0, 32.747864884411285, -6.432418262186042, 5.050903626013123, -6.432418262186042, 72.31448779009003, -2.228864522298576, 5.050903626013123, -2.228864522298576, 50.5902429022693, 4.077237801149834, 2.5950068470838525, 2.0, 0.0
520, 0 ,1.0,1.0,1.0,198.45794167269221,27.530971318389973,219.31204306258536,6.421984443005447,6.7444594173104635,6.510166109536511,33.0,33.0,30.0,0.009397540157537496,0.8183826104462633,0.5745968927501672,6.962324796772555,-0.8889269870409119,0.2699984766362502,-0.3700130191283413,6.473614139333316,-0.45795250621582306,-0.507297472429406,0.7300197096773363,6.223361888158142,33.238662081683316,32.036817068620394,29.59793590775459,10.95720803083148,3.008566429511861,12447.0,31517.685755608778, 0.0, 0.0,0.0,NaN, 132.58691634476784,132.58691634476784,0.0, 41.241884186203976, -0.6876786787838695, 1.0977227077419074, -0.6876786787838695, 45.4877328317478, 4.264457893417976, 1.0977227077419074, 4.264457893417976, 42.38226277375776, 3.9243210662873746, 2.4116436967466757, 9.0, 0.0
521, 0 ,1.0,1.0,1.0,186.68824355279688,265.0369467228257,209.81467523830636,7.767542411049954,6.279892097219638,6.334835557670166,35.0,28.0,27.0,-0.9901666081593753,-0.1104698381904942,0.08582833411132106,7.798801338750807,0.009674061789672152,-0.6661305678374569,-0.7457724043708222,6.569453429675388,0.139558233775898,-0.7376086234872217,0.6606489369874428,5.993569947612912,35.83362031938907,29.16246364518247,28.321227363544892,11.38198277140684,3.2175098436994034,13533.0,29595.58771424593, 0.0, 0.0,0.0,NaN, 148.9810794899304,148.9810794899304,0.0, 60.334715107459736, 2.676854963688875, -2.168172997087543, 2.676854963688875, 39.43704475272166, 3.3580626897839614, -2.168172997087543, 3.3580626897839614, 40.130141542722285, 3.779086463336695, 2.307478830618495, 2.0, 0.0
522, 0 ,1.0,1.0,1.0,292.9331601322626,98.14655172413794,209.14159187529523,4.2198130281780815,7.655822089719156,6.3890482522715075,17.0,34.0,29.0,0.03731419272395209,-0.9733557167571679,0.2262438942325295,7.726388061712788,0.026978100548509173,-0.22533783432265292,-0.9739071015828824,6.309435340338618,-0.9989393540711838,-0.04244418781078074,-0.017850989018227636,4.210976684567973,34.416602280303756,30.099964821581835,17.964927548632375,10.31176517122671,3.3024037435693523,8468.0,18610.560419189853, 0.0, 0.0,0.0,NaN, 133.93258068151508,133.93258068151508,0.0, 17.80682199278147, -1.658366996237346, -0.22577456289359082, -1.658366996237346, 58.61161186943178, -4.3964000374635495, -0.22577456289359082, -4.3964000374635495, 40.8199375698536, 3.3570967621689536, 2.4509479435778276, 5.0, 0.0
523, 0 ,1.0,1.0,1.0,236.21643977253146,79.35180079269344,243.24952610718594,5.417740588780273,6.613988104711783,7.301130836624061,23.0,28.0,35.0,0.13306568150521447,0.15882002932079248,0.9782994033996422,7.3300205792147155,-0.3382316453796428,-0.9205427938686762,0.19544901821250504,6.783513681020078,-0.9316076848487955,0.3568993736937557,0.06877469438443501,5.163138936518282,33.712885455734636,30.17624552440674,24.928736841539035,10.81788227064268,3.062137555467548,11606.0,25360.70969273094, 0.0, 0.0,-2.8421709430404007E-14,11.95809450377361, 116.55757003040763,116.55757003040763,0.0, 29.351913087317218, 6.599368982315546, 2.244372774319236, 6.599368982315546, 43.744838649268964, 0.7232625283784164, 2.244372774319236, 0.7232625283784164, 53.30651149350276, 4.374842624710117, 2.4170491556438374, 1.0, 0.0
524, 0 ,1.0,1.0,1.0,91.52017300804216,142.43677772521457,246.83402040954246,6.690480914125443,7.017409998513865,7.313698849282639,29.0,32.0,33.0,-0.4133966503417704,0.5591056941288657,0.7186821496871083,7.916639691928607,0.19700354012241883,-0.7156685998037223,0.6700806372625716,6.62505499861874,-0.8889841475895051,-0.4185920186143765,-0.1857092008676551,6.397830183818164,35.91322741653326,31.019799965097604,29.144361778535483,11.697342838095064,3.2663342351306177,14797.0,32467.43485802973, 0.0, 0.0,-2.8421709430404007E-14,44.05421680886522, 177.4564710062079,177.4564710062079,0.0, 44.76253486227682, -5.442243573087554, -6.0686257411805204, -5.442243573087554, 49.24404308724236, 7.31687004751824, -6.0686257411805204, 7.31687004751824, 53.49019085799821, 3.764865384832092, 2.3273197991991976, 3.0, 0.0
525, 0 ,1.0,1.0,1.0,36.9581679389313,293.1974045801527,251.38828244274808,13.544225202580307,4.105428465107687,12.710804147974713,64.0,18.0,60.0,0.7878152651683303,0.013988330771007126,0.6157527381749873,14.747517886795702,-0.6154665405515172,0.05587910400957602,0.786179663433642,11.309668521742383,0.02341037012311267,0.9983395476176065,-0.05263176069039491,4.057984156628703,65.04978335728731,48.39020604015414,19.3269155941789,17.800308271632893,6.709258285632488,26200.0,60836.7318618734, 0.0, 0.0,0.0,NaN, 61.44331180620403,61.44331180620403,0.0, 183.44603633821157, -1.6173528465707476, 43.59284570828825, -1.6173528465707476, 16.854542882116462, 6.627206229240709, 43.59284570828825, 6.627206229240709, 161.56454208817115, 5.240380505512234, 3.402283921223971, 4.0, 0.0
526, 0 ,1.0,1.0,1.0,195.92422520269758,203.87125861938318,291.0344017579753,7.036607560834662,9.732343857753266,4.822187845032752,33.0,44.0,19.0,-0.07103036401529231,-0.9974668717502324,0.0038114496796169094,9.744102309159176,-0.9839234090568965,0.07069260397179776,0.1640039049947951,7.072900696634933,-0.16385790337274025,0.00789908250949225,-0.9864523262671125,4.744723855790213,43.903788155728705,33.498833343860625,21.16886641962833,12.237529485758937,4.210549919987458,13197.0,31133.595514726177, 0.0, 0.0,0.0,NaN, 141.96085295220553,141.96085295220553,0.0, 49.513845965195536, 3.2183267878596333, -4.459392152915426, 3.2183267878596333, 94.71851696554772, 0.04360450002272576, -4.459392152915426, 0.04360450002272576, 23.253495612781613, 3.8659230491117227, 2.6080136105520126, 4.0, 0.0
527, 0 ,1.0,1.0,1.0,276.94310856441217,106.37409188580784,291.94505269620385,8.90713121201764,7.651804997795736,4.260444318044074,42.0,35.0,16.0,-0.7967921312921545,-0.6010380625023609,0.06225389091706918,10.311465578237435,0.5968338296086092,-0.7667246850273872,0.23647967609157347,5.726713937516974,-0.09440169143414605,0.22558037324435415,0.9696400444811005,4.113017997312685,47.74769044041588,26.878974417764056,19.449744177534228,11.653505609848589,4.49825509956598,9773.0,24961.97574984258, 0.0, 0.0,0.0,NaN, 109.1418794197246,109.1418794197246,0.0, 79.33698642809883, 35.55233757172935, -2.1939579147560258, 35.55233757172935, 58.550119724291804, -6.224405265253429, -2.1939579147560258, -6.224405265253429, 18.151385787154037, 3.641008875618373, 2.3750874167173763, 1.0, 0.0
528, 0 ,1.0,1.0,1.0,46.53355232285312,74.09606489240464,79.92987866192934,6.711588120635283,7.608020077424986,6.834351699182175,31.0,35.0,30.0,-0.3728944919568925,0.8837772847829075,0.28264360733963473,7.796636160431186,-0.468909101240565,-0.44234428785103214,0.7644970802948359,6.953493489105862,-0.8006709390517284,-0.15254259047005134,-0.5793589607926246,6.363736373113501,35.40820832629896,34.308146642873766,30.491049986539963,11.77499612041748,3.3143949842801805,14917.0,37040.22272352918, 0.0, 0.0,0.0,NaN, 118.50900314842706,118.50900314842706,0.0, 45.04541510105265, -5.057758294472561, -4.954005783353965, -5.057758294472561, 57.88196949850169, 2.412447803006788, -4.954005783353965, 2.412447803006788, 46.70836314811429, 3.3144178834810663, 2.193480229623324, 1.0, 0.0
529, 0 ,1.0,1.0,1.0,7.733087996536422,100.19828985820976,262.0451347548436,5.028200535749813,6.086531320150818,7.148208958149307,21.0,28.0,32.0,0.08376905111805412,-0.10279966701369782,0.9911684894792879,7.176048985963898,0.2622718474233145,0.9618692822164047,0.07759485793311031,6.146214416844035,-0.9613512490884598,0.2534555432228116,0.10753633565305608,4.914664255214448,32.44463591996853,30.545171218737764,23.035333901900415,10.206682836041042,3.0412466083371767,9239.0,22828.636913376864, 0.0, 0.0,0.0,NaN, 107.42471659841591,107.42471659841591,0.0, 25.282800627714714, 3.2009939160455962, 2.5473863302786257, 3.2009939160455962, 37.04586351117686, -1.7692052030385366, 2.5473863302786257, -1.7692052030385366, 51.09689130936599, 4.060758796104919, 2.4180361467843587, 2.0, 0.0
530, 0 ,1.0,1.0,1.0,13.880552359033372,11.61029919447641,35.4728998849252,8.001956128430036,6.561454010866736,7.811790076728198,32.0,26.0,32.0,-0.783017919367077,-0.08008708196550517,0.616821689998256,8.308095199329681,-0.6199881193215744,0.02081381853982649,-0.7843350794513074,7.4969585091570545,-0.049976693069384834,0.9965705415373474,0.06595063221688517,6.548222055776679,38.69469355079798,33.331370885516634,27.84759585591574,12.466681744944829,3.5622873397812103,17380.0,35916.35828184121, 1.7763568394002505E-15, 0.0,0.0,38.46227014571142, 39.8220467508019,39.8220467508019,0.0, 64.03130188131902, 1.467605358327564, -6.147943604079119, 1.467605358327564, 43.05267873671918, -1.5090937329920175, -6.147943604079119, -1.5090937329920175, 61.024064202869155, 3.58401888486328, 2.330154044129093, 3.0, 0.0
531, 0 ,1.0,1.0,1.0,9.667158018867925,249.85190644654088,40.720224056603776,5.9667387841887,5.773228844143078,6.871908094681452,24.0,25.0,31.0,-0.3954288870132783,-0.1358084966700688,0.9084008187731096,7.056592674031842,-0.627354449027265,-0.6824335057352215,-0.37511452322675065,6.024570655702384,-0.6708668948466138,0.7182204135793908,-0.18465385703177628,5.483093298001197,33.75068506106659,29.639585345008783,27.082117497750374,10.364525150461663,2.954975849779797,10176.0,27091.76713570217, 0.0, -2.8421709430404007E-14,0.0,82.19462607889038, 65.31785267771947,65.31785267771947,0.0, 35.60197171874165, 3.727339537581946, -5.62122652518504, 3.727339537581946, 33.33017128684562, -0.8390941771519217, -5.62122652518504, -0.8390941771519217, 47.22312086174847, 3.998540651196696, 2.447647966200133, 3.0, 0.0
532, 0 ,1.0,1.0,1.0,135.08350634371396,220.4252210688197,126.5123414071511,7.338256248994748,5.491586150979359,7.448014214569056,34.0,25.0,34.0,-0.6475634414615326,-0.09301509793561806,0.7563132822042221,7.994660063811926,-0.7379580108957239,0.32395529843112514,-0.5920058604213536,6.915938831154721,0.18994621195834038,0.9414887976892915,0.2784228445875971,5.266463663387267,33.88754941093177,32.488469214652895,24.460965108624293,11.346994133859617,3.2750821510480352,13005.0,26930.412198581726, 0.0, 0.0,1.4210854715202004E-14,40.8597458471795, 201.45736932755273,201.45736932755273,0.0, 53.85000477591047, -2.6247435663773993, -8.940207825310726, -2.6247435663773993, 30.157518453628292, -6.398942559134582, -8.940207825310726, -6.398942559134582, 55.47291574042272, 4.433383852506958, 2.4279328529617676, 2.0, 0.0
533, 0 ,1.0,1.0,1.0,97.63787448064728,45.25169472993658,137.84700051024126,6.813837472962035,6.732807869494832,7.232378612289421,31.0,31.0,34.0,-0.652037598751461,-0.12032342178194916,-0.748578148215076,7.967498989172807,-0.31655705450318494,-0.8539489589259576,0.41299250210329647,7.087700629242329,0.6889402013663426,-0.506254333038204,-0.5187176006473531,5.509069155015466,35.47435017398763,30.325579988379346,23.559658833971653,11.530084525690281,3.335196266700341,13719.0,25345.015522771548, 0.0, 0.0,0.0,NaN, 174.87900376746333,174.87900376746333,0.0, 46.428381107941654, 7.97488296656645, 13.571608611041487, 7.97488296656645, 45.33070180753153, -4.028988465767403, 13.571608611041487, -4.028988465767403, 52.30730039150144, 4.140083246382187, 2.334450453734871, 3.0, 0.0
534, 0 ,1.0,1.0,1.0,132.12250414159908,162.46551573807656,144.52375970006102,7.2653149218639905,5.710497692275643,6.167304254849465,34.0,27.0,28.0,-0.9732295720448111,-0.20073755535802937,-0.11193138061489379,7.330170221095147,0.17979532137731744,-0.3615803411865883,-0.9148405868118323,6.256735313321043,0.143170676146693,-0.9104746513419646,0.38799235399093435,5.527394895250445,35.56803173143521,30.853477131856977,26.226505083881648,10.703360998039816,2.9779674150115416,11469.0,28780.899897216714, 0.0, 0.0,0.0,NaN, 239.28896251118877,239.28896251118877,0.0, 52.78480091385956, 3.9696530114223116, 1.1113538775319711, 3.9696530114223116, 32.60978389348545, 3.3638195972947824, 1.1113538775319711, 3.3638195972947824, 38.03564177188431, 4.149205866726537, 2.3754856315122197, 3.0, 0.0
535, 0 ,1.0,1.0,1.0,147.28975265017667,59.323244738055,217.64902442771546,6.544816092410904,7.342224759162864,6.31572762804693,30.0,33.0,29.0,-0.5422308726309442,-0.8361160268553207,0.08304017341959276,7.871914286066858,0.075471885336408,-0.14689717135809116,-0.9862683283826768,6.311731417418114,-0.8368331227249868,0.528517937900563,-0.1427554343192731,5.901382003938893,35.67975253987194,30.146225122014926,27.074679256240415,11.246671732926954,3.184913264281456,13018.0,29121.791757628074, 0.0, 7.105427357601002E-15,0.0,33.267774007281915, 178.8720262637744,178.8720262637744,0.0, 42.83461768348074, 12.249171980953836, -1.5951083224260711, 12.249171980953836, 53.90826441406418, -1.1583265318655844, -1.5951083224260711, -1.1583265318655844, 39.8884154716753, 3.5692752251808755, 2.3208432683858344, 3.0, 0.0
536, 0 ,1.0,1.0,1.0,9.501114531366097,263.13146162827724,207.7770406538584,5.857851934400802,9.336095978483351,8.177764231141285,23.0,41.0,36.0,0.035840084207697645,0.9991594726372847,-0.019895642818677783,9.339475083650653,0.2514563913248657,-0.028284136237121265,-0.967455265580376,8.32144592423051,-0.9672048240294613,0.029670791639308067,-0.25225874117190794,5.646298620948603,41.331841623064975,39.15971648589047,25.83394185332436,13.137914689525365,3.968392978990467,18842.0,41813.350910699664, 0.0, 0.0,0.0,NaN, 99.77291480940815,99.77291480940815,0.0, 34.314429285363225, 1.7161521762979677, -9.129541336043483, 1.7161521762979677, 87.162688119453, -0.07773748538408388, -9.129541336043483, -0.07773748538408388, 66.87582782013381, 3.5266596096350424, 2.2629669817841562, 3.0, 0.0
537, 0 ,1.0,1.0,1.0,163.69433047370384,76.29858261842595,232.48489369638196,6.626357793993931,6.104171063235851,5.939899736132337,32.0,26.0,28.0,-0.9137000400601447,0.40536138818472844,0.028885667086641992,6.746914778981602,-0.3349217792350369,-0.7108544128287062,-0.6184766814973648,6.023578627603245,-0.23017306225561546,-0.5747766076754568,0.7852720628425327,5.886218849211784,31.55127208491153,29.88447280189908,29.499068873548936,10.41188753117558,2.8362878726833545,10724.0,27814.469455626077, 0.0, 0.0,0.0,NaN, 170.17343750944644,170.17343750944644,NaN, 43.90861761402412, -3.6377514152181702, 0.0518912287150405, -3.6377514152181702, 37.26090436924591, 0.84654703321382, 0.0518912287150405, 0.84654703321382, 35.282408875305, 3.5517698814567904, 2.282488162428254, 2.0, 0.0
538, 0 ,1.0,1.0,1.0,259.20998734322865,17.51662639512139,241.25825566678174,7.879659354198741,8.907458019174296,5.681785672765071,34.0,36.0,25.0,-0.2378661154477063,0.9614985537423512,0.1376235527560059,9.039042028681667,0.9668555645580421,0.2208533552213327,0.12811757401164792,7.822390750842545,-0.09279023873753407,-0.16353692744712617,0.9821637566903922,5.551616924614128,39.858902882075384,34.75535505268698,24.875609541520674,12.647976715909705,3.707184015747373,17382.0,34460.4386558779, 0.0, 0.0,0.0,NaN, 73.6291373038895,73.6291373038895,0.0, 62.089031538211714, -5.152668642399802, 2.0961550348778633, -5.152668642399802, 79.34280836335249, 7.592501674853257, 2.0961550348778633, 7.592501674853257, 32.282688431238434, 4.236765642213322, 2.5590667673078498, 2.0, 0.0
539, 0 ,1.0,1.0,1.0,5.421340629274966,124.22764947292187,269.1581234408948,3.935157423364121,8.589851335133527,9.787195301803028,17.0,41.0,39.0,0.06981704387685919,-0.5083420902647365,0.8583203945203536,10.37445644552829,0.08169011138920633,-0.8546166950436571,-0.512793360188952,7.919511913661477,-0.9942093874458822,-0.10591800516406925,0.018140289318211107,3.8356467891606907,44.36244599288594,38.28012517558483,18.20885622718525,12.801992182037639,4.600999668880987,12427.0,30922.279384670244, 0.0, 0.0,0.0,NaN, 128.11370409707484,128.11370409707484,0.0, 15.485463946657745, -6.649229310390164, 3.5570987095416884, -6.649229310390164, 73.78554595969524, -19.50320521560245, 3.5570987095416884, -19.50320521560245, 95.78919187563527, 4.223811231152457, 2.8703250762132844, 5.0, 0.0
540, 0 ,1.0,1.0,1.0,5.316017316017316,103.3475145544111,9.60740409016271,3.6755241441578628,7.484401713756906,6.166683483479596,14.0,33.0,23.0,-0.09355411394884376,0.9438104684998203,0.3169691267511648,7.660947923329942,-0.0073675467330738195,-0.3190129768805397,0.9477217101222026,5.979489991572802,-0.9955869359420016,-0.08632798000628487,-0.0367985441240786,3.6206778770420964,35.64056056405461,27.578620324112084,15.625189896889033,9.81576525662881,3.3473100184108135,6699.0,15358.272401951011, 0.0, 0.0,0.0,NaN, 103.92916346257236,103.92916346257236,0.0, 13.50947773428739, -3.9714417542451317, -1.5097588384645997, -3.9714417542451317, 56.016269012887314, 6.789515342305001, -1.5097588384645997, 6.789515342305001, 38.02798518542004, 3.7955333374341684, 2.5200140882409863, 0.0, 0.0
541, 0 ,1.0,1.0,1.0,70.7797695262484,4.74359795134443,62.43645966709347,5.517214401164669,3.2223224082381168,8.163921349071826,24.0,13.0,34.0,0.21992296837079636,-0.011144178634076395,0.9754535843727007,8.282222694923417,0.9754616076003074,-0.008166802023089196,-0.22001807980831836,5.338772645320315,-0.010418257090395188,-0.9999045507583648,-0.009074651062766758,3.2210125920520776,34.71602682590148,23.543874175871743,13.227299633586172,9.78717272410221,3.4181688538557173,6248.0,10811.330279836622, 0.0, 0.0,0.0,NaN, 94.50179358865859,94.50179358865859,NaN, 30.439654748418818, -0.2871013474631962, 8.59916269236885, -0.2871013474631962, 10.383361702633497, -0.6003187601338402, 8.59916269236885, -0.6003187601338402, 66.64961179383073, 4.573503159172595, 2.5416191597473854, 0.0, 0.0
543, 0 ,1.0,1.0,1.0,108.58617818484596,44.13522064945879,99.9143213988343,6.077567614443776,6.578953661439963,6.895658873561765,27.0,31.0,32.0,-0.2801758288623221,-0.40403468301801243,0.870779811341447,7.121702466190077,-0.3438916337194697,0.8891505088354854,0.3019104451577515,6.499388186341306,-0.8962366033470545,-0.21486588271787643,-0.38806262801873,5.899904903839595,33.02885366369349,31.278811360454416,27.346930226125977,10.88798119311191,3.036681778929365,12010.0,28252.20340201713, 0.0, 0.0,0.0,NaN, 154.01865930840032,154.01865930840032,1.9073486328125E-6, 36.93682810813581, -0.4718529035961553, -4.65327415885041, -0.4718529035961553, 43.28263127937429, -3.6020697711662493, -4.65327415885041, -3.6020697711662493, 47.55011130053111, 3.5881284345174014, 2.2336200381523024, 0.0, 0.0
544, 0 ,1.0,1.0,1.0,139.49440298507463,207.3170019467878,152.96463335496432,6.21094947633846,6.277884948117538,7.289956133399902,28.0,31.0,34.0,0.08535184804298204,0.3477683477278489,0.9336874414675878,7.479953370079247,0.7503735458317123,-0.6389415935707109,0.16939061875223194,6.631199368200553,0.6554804373523219,0.6861565538009264,-0.31549101401537,5.586473464265385,34.197656242109986,30.172623854911265,23.926003176088898,11.0211207075086,3.1090338687202554,12328.0,24687.64007812928, 0.0, 0.0,0.0,NaN, 222.86369295319102,222.86369295319102,0.0, 38.57589339762898, -5.385312042964964, 3.594059028349464, -5.385312042964964, 39.41183942180074, 6.652110062362071, 3.594059028349464, 6.652110062362071, 53.14346042689485, 3.507614664861535, 2.2734407776115217, 4.0, 0.0
545, 0 ,1.0,1.0,1.0,13.116464582003829,131.2034939374601,153.21785258455648,7.202424395670985,7.384744527486571,5.579843703791418,29.0,35.0,26.0,-0.5585796767710047,0.8198169406184629,-0.12605129342209564,7.6673008267786855,-0.8186485779543777,-0.5204553029588599,0.24277723005932017,7.017900745567778,0.13342882189270372,0.23880213880320356,0.9618577275207287,5.431904990643546,37.513517574626476,34.28798952139281,24.47478515867857,11.25404212965994,3.3000849101470404,12536.0,31481.01296907844, 0.0, 0.0,0.0,NaN, 197.3104084036549,197.3104084036549,0.0, 51.87491717535655, -4.996258866360215, -1.8626407764400261, -4.996258866360215, 54.534451736242865, -5.520879223293196, -1.8626407764400261, -5.520879223293196, 31.13465575874073, 3.1917258555066, 2.138487727438423, 2.0, 0.0
546, 0 ,1.0,1.0,1.0,213.54630332473053,10.281235767420677,189.42500379535448,7.728863521392567,6.736765959829597,6.107939342463914,37.0,27.0,30.0,-0.9376394929873116,-0.3211020475683435,0.13313773408735202,7.904738623306775,0.23965741548935549,-0.8745837877088364,-0.4215062531894729,6.697468272835004,0.25178662472708857,-0.3633134642760749,0.896998786110805,5.923284221833413,38.679023545437985,33.95272355151049,30.170863311835603,11.437329362717325,3.407897737576201,13174.0,39622.13345468614, 0.0, 0.0,0.0,NaN, 140.7365455856515,140.7365455856515,0.0, 59.735331332312704, 6.201453330945297, -4.4074504565937564, 6.201453330945297, 45.38401559751879, 2.4305724106734243, -4.4074504565937564, 2.4305724106734243, 37.30692301121851, 3.624283760804154, 2.368796445036847, 9.0, 0.0
548, 0 ,1.0,1.0,1.0,166.0002817165931,123.2128838388581,266.6627852380505,6.157654237987577,6.750398772577567,5.8391921586968625,26.0,29.0,27.0,-0.4704096693000189,-0.8789700557880492,-0.078271221128844,6.919886821905189,0.6341402223231671,-0.3983921450615054,0.6626838440653406,6.484127884264932,-0.6136618950700551,0.26209795836909106,0.7447977838029481,5.258517502312879,32.043023111419984,30.497455757224003,24.142206374317453,10.44779562055759,2.902468094685951,10649.0,23592.50474386509, 0.0, 0.0,0.0,NaN, 185.06406764146493,185.06406764146493,0.0, 37.916705714606366, 4.729867719831266, 6.79293939752897, 4.729867719831266, 45.56788358881672, -2.4076001628942247, 6.79293939752897, -2.4076001628942247, 34.09616506618692, 3.9636760520502956, 2.3484878306377612, 1.0, 0.0
549, 0 ,1.0,1.0,1.0,9.372972109006634,163.3812834651962,271.302085830736,6.472821164145162,7.200410542361189,6.753648865677414,26.0,32.0,30.0,0.19518907950346465,0.7769306420642834,0.5985649510823112,7.5837664961014,-0.7157608466245173,0.5300851243853428,-0.4546385062274524,6.812656252389619,-0.6705129630976152,-0.33968888460907126,0.6595633616197164,5.95225161781691,35.91908136359916,33.58003428357088,29.38056558937184,11.310077371557492,3.381900154025641,12513.0,35437.78003240389, 0.0, 0.0,0.0,NaN, 139.91460463954337,139.91460463954337,0.0, 41.897413823005536, -0.8180652067506302, 6.154172894426178, -0.8180652067506302, 51.84591197854614, 7.623251698358367, 6.154172894426178, 7.623251698358367, 45.611773000865824, 3.7873359747611484, 2.27131721850047, 2.0, 0.0
550, 0 ,1.0,1.0,1.0,196.16905278380332,204.4880694143167,5.0922631959508315,6.218059408278332,7.5693158956079865,3.468714342146922,27.0,34.0,13.0,-0.1903371928739809,-0.9816124535318758,0.014447978404739091,7.618228453734052,0.9811807535013396,-0.18972510666076053,0.03589864706513488,6.161532974781828,-0.03249741478021043,0.021008926048084534,0.9992509910222305,3.4624979057309515,35.102306134354336,27.891753385291707,13.70882229152108,9.86448017782547,3.2684577312680245,6915.0,13421.8262592411, 0.0, 0.0,0.0,NaN, 141.17126346559996,141.17126346559996,0.0, 38.66426280487868, 3.7681051127496543, 0.788307205196456, 3.7681051127496543, 57.29454312750374, -0.8299910753917642, 0.788307205196456, -0.8299910753917642, 12.031979187415756, 3.6179727394556704, 2.407196819634353, 1.0, 0.0
551, 0 ,1.0,1.0,1.0,285.3013652790791,77.2934680765627,55.59623878998795,8.05935164799037,7.417525572363929,5.8530452510648106,33.0,35.0,26.0,-0.8551448369108925,-0.5103581877175104,0.09089459903834854,8.375966737529618,0.5176438949845836,-0.8312878395862152,0.20249771786682663,7.130448473743742,-0.02778679344280131,0.22021591219932804,0.9750553041363272,5.7646213309057215,39.60857315990819,33.79334788728306,27.029804824810732,11.9193190743632,3.4872347378937203,14942.0,36179.56383255981, 0.0, 0.0,-7.105427357601002E-15,84.78492520452441, 96.33935767667874,96.33935767667874,0.0, 64.9531489859651, 8.5367764189023, -1.0240170841464789, 8.5367764189023, 55.01968561667284, -4.677720994117087, -1.0240170841464789, -4.677720994117087, 34.25813871101233, 3.6558266611937587, 2.273124172246345, 3.0, 0.0
552, 0 ,1.0,1.0,1.0,250.98116911443944,187.77446561000437,90.66068052930056,6.614216816658067,6.959543617914517,7.0553050920976785,30.0,35.0,33.0,-0.49576393166304017,0.7557059933483418,-0.427932910255101,7.5259557663468115,0.44058759355845817,-0.2057727447492041,-0.873807844964066,7.00547754380048,-0.7483987549858503,-0.6217443438711564,-0.23093998008108957,6.020275375453757,34.958771445064194,36.45902909118273,30.323164991376245,11.461066012349942,3.2564408900754493,13754.0,38648.78005053909, 0.0, 0.0,0.0,NaN, 152.37051993264043,152.37051993264043,0.0, 43.747864097762374, -8.804959532282165, -0.6134130974923531, -8.804959532282165, 48.43524736965469, -4.288539261168359, -0.6134130974923531, -4.288539261168359, 49.77732994257943, 3.859848482838997, 2.379172930655179, 5.0, 0.0
553, 0 ,1.0,1.0,1.0,173.02578420101824,77.02044670717687,211.38569551650517,7.0351270278266895,6.102116650893557,6.454137176567929,32.0,27.0,31.0,0.8930993523041971,-0.211361797625874,0.3971142624210099,7.164062228545665,0.4487430037393717,0.480726064585187,-0.7533473086322171,6.504982253771981,0.03167433517518167,-0.8510162403460921,-0.5241832648591641,5.894586064887266,32.7156624863419,29.778656413344734,25.59730305571955,10.921473132972977,3.0176400080981884,12178.0,24937.621456495806, 0.0, 0.0,0.0,NaN, 172.93668103624805,172.93668103624805,0.0, 49.493012297657586, -1.496585668094396, 3.3208155368547865, -1.496585668094396, 37.235827621112406, -4.132455098013581, 3.3208155368547865, -4.132455098013581, 41.65588669395624, 3.208473539213904, 2.183415221889453, 3.0, 0.0
554, 0 ,1.0,1.0,1.0,281.12439922601584,82.15055239997503,34.565757443355594,8.70582941038066,6.693112666720731,6.662290644385131,35.0,30.0,30.0,-0.9569102089400773,-0.270999244268006,0.10431807912546687,8.910903062241756,0.10192662057563674,-0.6498440289447444,-0.7532022982326151,7.1446859533223215,0.27190773443263405,-0.7101141793057177,0.6494644226627659,5.875764526089964,36.85052691934209,34.45596710621974,27.901646288870083,12.312471828770281,3.6576463727467305,16021.0,35427.29348709276, 0.0, 0.0,0.0,NaN, 91.10320055756969,91.10320055756969,0.0, 75.7914657226489, 10.543907937510062, -5.7484273506402515, 10.543907937510062, 44.7977571694175, 6.818138258949257, -5.7484273506402515, 6.818138258949257, 44.38611663026164, 3.4842640480074154, 2.336193401311594, 1.0, 0.0
555, 0 ,1.0,1.0,1.0,187.57871674491392,124.8235524256651,41.543661971830986,6.4742768428664155,5.956697619923494,7.648951960182598,29.0,24.0,36.0,-0.19428839478785326,0.2799835686082883,0.940138937051395,7.8169655494673265,0.9230154548373097,-0.27229470394191674,0.2718419841316975,6.502527960222462,-0.3321061423434282,-0.9205785113256515,0.2055254599878436,5.702381343563917,38.14475244130337,30.90646812960688,25.86267274344621,11.207952129789243,3.2073014075403923,12780.0,30490.01117559101, 0.0, -1.4210854715202004E-14,0.0,73.74077596569504, 173.0472190441465,173.0472190441465,0.0, 41.91626063807632, -4.00954567607348, -2.7714337984086117, -4.00954567607348, 35.482246535202215, 6.802109369833998, -2.7714337984086117, 6.802109369833998, 58.50646608918121, 3.329977974971882, 2.1743124712103494, 5.0, 0.0
556, 0 ,1.0,1.0,1.0,5.120840895341803,178.26981246218995,89.86358136721113,3.4886049081511006,5.674720992571817,7.906927499308082,14.0,25.0,34.0,0.033152623519815023,0.12004349751261213,0.9922149274520579,7.938361093358411,-0.05122416373389539,-0.9912518130168475,0.12163851462663974,5.640231372467082,-0.9981367584672537,0.05485801578394605,0.026713470398506134,3.473116503159241,34.24863414694022,24.70453457678579,14.899345511933966,9.78378097393185,3.3421482435932948,6612.0,12606.28508060701, 0.0, 0.0,0.0,NaN, 151.39327866720896,151.39327866720896,0.0, 12.17036420517595, 1.2055988872822514, 1.553085070719649, 1.2055988872822514, 32.20245834353527, 3.6878963764209285, 1.553085070719649, 3.6878963764209285, 62.51950247931435, 4.464375274903797, 2.6227884058885667, 0.0, 0.0
557, 0 ,1.0,1.0,1.0,51.26958298645273,153.1883750851434,96.63505638386438,7.0139482477502435,6.060606980131066,7.257584845857117,30.0,26.0,32.0,0.6755151486438673,-0.16919750434522618,-0.7176708775448544,7.5649026861558655,0.5681562149491337,-0.5009399558896831,0.6528841214242508,7.079375870903221,0.4699763817122387,0.8487822836962315,0.24226191511684828,5.590496347553769,35.886991409690395,32.191920115841505,26.462457999298152,11.326578712698943,3.2105419245962965,13213.0,30571.314566729783, 0.0, 0.0,0.0,NaN, 183.08620229841995,183.08620229841995,0.0, 49.19547002211871, -8.337621437469242, -5.59479836822256, -8.337621437469242, 36.730956967613395, -3.0155646211639056, -5.59479836822256, -3.0155646211639056, 52.67253779481488, 3.6437439069762, 2.2801339706279853, 2.0, 0.0
559, 0 ,1.0,1.0,1.0,274.2451638116329,189.92236045072625,110.5590438350811,8.45339329680756,6.743591604233905,6.566489651675973,40.0,31.0,30.0,0.9700703803946095,0.18930577887421537,0.15207491300633244,8.545616604404437,-0.2422640271577385,0.797028901132846,0.5532206358265048,6.8166732620727535,-0.016480237448884966,-0.573505233492942,0.8190361096617379,6.368679202899309,40.394874628048626,31.959191353482197,29.848118935163598,12.120374207181273,3.6264585174338206,15353.0,38533.54927769818, 0.0, 0.0,0.0,NaN, 158.12558455087793,158.12558455087793,0.0, 71.459858230511, 4.821743975996026, 3.9980302875499505, 4.821743975996026, 45.47602772469401, 3.5392679119010304, 3.9980302875499505, 3.5392679119010304, 43.11878634556765, 3.0654516214968166, 2.0838674812527316, 2.0, 0.0
560, 0 ,1.0,1.0,1.0,223.9175978922504,186.33415099482147,136.51349141455438,6.8231049847146,5.895111428276696,6.235263331635719,31.0,24.0,28.0,-0.9188274221606365,-0.024333499156782967,0.39390868117423633,6.94626122961163,-0.3633083391935703,0.44200656041726916,-0.8201446526195884,6.162463784933866,0.15415323207136833,0.8966817057166285,0.41496831165170805,5.827444056226502,30.230497807511938,30.59457191822831,28.361498540260186,10.56294157306302,2.934258768945816,11007.0,26231.241974039403, 0.0, 0.0,0.0,NaN, 193.24696757968792,193.24696757968792,0.0, 46.55476163243723, -0.32551331404533773, -3.9756757778685645, -0.32551331404533773, 34.752338751798504, -1.5931335897820311, -3.9756757778685645, -1.5931335897820311, 38.87850881484096, 4.015734525668347, 2.410028140092026, 3.0, 0.0
561, 0 ,1.0,1.0,1.0,182.4282700421941,5.49831223628692,143.52039381153304,6.134187678085406,3.830249718218785,7.359146579745872,28.0,15.0,34.0,-0.4025516451602184,0.04120713348146186,0.9144693243236989,7.626086293240911,0.9130198076442452,-0.05387831070758115,0.4043413885376599,5.810159267756328,-0.06593181195801506,-0.9976968977527889,0.015934126471024844,3.8132619746646848,34.59285939884522,25.10975450563987,15.900042348027238,9.807138177511403,3.2056435427651,7110.0,13811.06627800211, 0.0, 0.0,0.0,NaN, 185.61100873206973,185.61100873206973,0.0, 37.628258469974824, -1.6688271110399033, -8.96168764502363, -1.6688271110399033, 14.670812903915083, 1.2249289347030499, -8.96168764502363, 1.2249289347030499, 54.157038382185355, 3.649463834641855, 2.2643694707525, 2.0, 0.0
562, 0 ,1.0,1.0,1.0,181.98887440243374,104.3458496305954,166.10551933941764,6.741947252316712,6.366462433860795,6.123812354302856,31.0,28.0,28.0,0.7622069923021487,-0.47800339020763183,0.4365240655859909,7.032682054337381,-0.6306437427463493,-0.7004551627424194,0.33414223726186854,6.3426253699115565,0.14604441317828168,-0.5299767201844819,-0.8353416698823963,5.813713182214024,32.80772547918633,28.98682872044435,26.63253248987786,10.710982972381217,2.9600030727779014,11505.0,25327.323184973764, 0.0, 0.0,0.0,NaN, 206.74238571541744,206.74238571541744,0.0, 45.45385275302087, -2.865078769863852, 3.8553243351104354, -2.865078769863852, 40.53184392176072, -4.772347801090208, 3.8553243351104354, -4.772347801090208, 37.5010777507123, 3.678584237725048, 2.3017985073504468, 0.0, 0.0
563, 0 ,1.0,1.0,1.0,248.80643166357453,57.76736755308184,188.5659657802515,6.318379627378007,5.868253536081394,5.854197002306205,26.0,25.0,27.0,-0.9946578462327034,-0.04230573093458956,0.09415940769678709,6.323612010702779,-0.028755677946318565,-0.7624976932523324,-0.6463515906770241,5.912766425763896,0.09914070765113214,-0.6456062986952356,0.757207783353731,5.803539226511954,26.9910168944117,26.20805183781971,26.454267198869132,10.058274336053374,2.7314942068208423,9702.0,18713.271644037446, 0.0, -7.105427357601002E-15,0.0,87.5753365341669, 135.55587104776097,135.55587104776097,0.0, 39.92192111566544, 0.2934566341669369, -0.5669054076157131, 0.2934566341669369, 34.436399563731776, 0.6055849068261756, -0.5669054076157131, 0.6055849068261756, 34.271622541810956, 3.5740481910355877, 2.2110343802793517, 0.0, 0.0
564, 0 ,1.0,1.0,1.0,161.01380766731643,14.900990903183885,190.1025828460039,7.765569223097615,6.928427774666385,5.321299760929549,36.0,29.0,23.0,-0.9326701543183823,0.2530183521184277,0.2571149484860822,7.973666160973017,0.2764982102285513,0.9591974793367016,0.05906721065469255,6.877832992816513,0.23167892218355374,-0.12618204755587653,0.9645739825904873,5.073408046810044,36.230774890845595,30.39293894374412,22.825206951347525,11.211717686922437,3.304662530714475,12312.0,25134.198704156115, 0.0, 0.0,0.0,NaN, 177.81069564611096,177.81069564611096,3.3036247397782844E-6, 60.3040653587209, -3.2101338899887306, -8.721932999010772, -3.2101338899887306, 48.003111428768605, 3.6834834705391954, -8.721932999010772, 3.6834834705391954, 28.31623114566888, 3.857713555487489, 2.3004451656659186, 4.0, 0.0
565, 0 ,1.0,1.0,1.0,43.18644709445391,50.33200832860118,203.37667991671398,6.552808958416057,5.45203748495829,6.689263336397532,30.0,23.0,29.0,-0.47218101355512976,0.021778960243922937,0.8812325273891926,6.742847495048749,0.8804326980696885,-0.037564587845347254,0.472680828794376,6.499595202979233,-0.04339763366566618,-0.9990568445442447,0.001437623566112777,5.449727683332851,30.680316769418937,29.1965594916918,23.504829522770088,10.43886490126716,2.9052300321407816,10566.0,21054.678895721452, 0.0, 0.0,0.0,NaN, 117.19405385491872,117.19405385491872,0.0, 42.939305245497735, -0.5770448994268652, -1.339585409419517, -0.5770448994268652, 29.724712737390323, 0.07984164794315295, -1.339585409419517, 0.07984164794315295, 44.74624398367223, 3.903025831408783, 2.221350092465033, 3.0, 0.0
566, 0 ,1.0,1.0,1.0,15.309019650536172,35.20940612922541,216.09139404496216,7.961835014656588,7.867055139193332,6.798104603003254,33.0,34.0,30.0,-0.7624823828396957,-0.6311905148790112,0.1421940567881408,8.445750869589492,0.52609687362965,-0.7327604917977131,-0.4316064656808131,7.560451771465297,0.3766200942809726,-0.25428447767636797,0.8907843223792435,6.557778649609144,39.52920307554991,33.790997392818824,29.188754561053628,12.621913496870187,3.4904010134388743,18371.0,38988.33009989387, 0.0, 0.0,0.0,NaN, 92.27525408228931,92.27525408228931,0.0, 63.39081680061166, 8.175450514636369, -6.285495835460772, 8.175450514636369, 61.89055656310821, 1.9347018185744131, -6.285495835460772, 1.9347018185744131, 46.214226193374024, 4.063072090537681, 2.504905272198678, 1.0, 0.0
567, 0 ,1.0,1.0,1.0,231.51961341671404,25.259806708357022,221.02169793443244,5.539891340136735,7.370983744721583,5.894515483803628,27.0,37.0,27.0,0.23727729381028106,-0.9631847856921638,0.12639048402949604,7.490391997411297,-0.22478228526848193,-0.18101210532178708,-0.9574484539422753,5.899626561686008,-0.9450779915285027,-0.1987704362779208,0.2594569397613728,5.371735694544019,38.64256242886035,27.357647193065816,25.32177535957527,10.51532776251837,3.032324563941534,10554.0,26769.410863933797, 0.0, 0.0,0.0,NaN, 107.54158906534664,107.54158906534664,0.0, 30.690396060521984, -5.985766532938223, 2.09778363914841, -5.985766532938223, 54.331401364949805, -2.286194403658662, 2.09778363914841, -2.286194403658662, 34.745312788800724, 3.679066889026139, 2.236742020109426, 9.0, 0.0
568, 0 ,1.0,1.0,1.0,181.58439861901653,244.47401324997668,80.4257721377251,6.057290104371441,5.2875512707496535,7.589902841952566,27.0,24.0,31.0,-0.26266873039312316,0.11630670948500497,0.9578506602818808,7.72390491718983,0.9480864924007821,-0.15332690415225173,0.27860879991534326,5.938207861395431,-0.17926834913293058,-0.9813070925005369,0.06999463698953509,5.228247050845472,32.964360269962064,25.749580737702757,24.12845434256556,10.623579472979378,3.065150270524503,10717.0,20480.6773664682, 0.0, 0.0,0.0,NaN, 153.53727455876316,153.53727455876316,0.0, 36.69076340851619, -2.139940746907152, -6.038593906743694, -2.139940746907152, 27.958198440806278, 3.262394097261948, -6.038593906743694, 3.262394097261948, 57.60662515027963, 4.374178475276675, 2.2734696639188767, 3.0, 0.0
570, 0 ,1.0,1.0,1.0,286.208884393963,249.8627664540221,203.74327057725222,7.482411019820817,5.841508700764918,6.6358808495577515,31.0,25.0,28.0,-0.9972610274480824,0.07327041901809983,0.010093999708071975,7.49057890903498,-0.0014158738760513614,-0.15536174802145414,0.9878566305658354,6.654849433390697,-0.07394889069054116,-0.9851366265389945,-0.15503995813018062,5.809373446990252,31.834712877940035,29.374628379583584,25.396473277376685,11.156567898059857,3.110563607475035,12854.0,23749.076698935463, 0.0, 0.0,0.0,NaN, 109.40427330075863,109.40427330075863,0.0, 55.986474669535994, -1.6315176543526768, -0.23982273999706374, -1.6315176543526768, 34.12322390111225, -1.6008145870333823, -0.23982273999706374, -1.6008145870333823, 44.0349146495273, 3.995808603345504, 2.3465435752839503, 0.0, 0.0
571, 0 ,1.0,1.0,1.0,5.196376536171291,238.62473077410363,14.394273406816167,3.5579155416139847,6.777400874903559,8.005058431474215,13.0,30.0,32.0,0.01635336143383509,-0.04887558975082239,0.9986709890130602,8.00893057903529,0.0864635685450648,0.9951321690521212,0.047286545994321805,6.792441889775496,-0.9961207852887457,0.08557536353489541,0.020499713939546277,3.5203196255361213,32.64191439948012,30.10524625375524,14.516620149154065,10.501498054083191,3.5201455554860996,7893.0,14265.379134351868, 0.0, 0.0,0.0,NaN, 63.25441572386159,63.25441572386159,0.0, 12.658763001258334, 2.862114189806074, 0.9831339439294314, 2.862114189806074, 45.933162619143516, -0.9380669161295351, 0.9831339439294314, -0.9380669161295351, 64.0809604913164, 4.124770480202553, 2.397555706978917, 3.0, 0.0
572, 0 ,1.0,1.0,1.0,139.95482648583965,200.28869166334263,68.17102114080575,5.927770739088117,6.210501336308311,6.2534051254090635,26.0,26.0,27.0,-0.5351939113368327,0.1210127660590946,-0.8360163800540695,6.57991571709788,0.4422359211057336,0.8833615618425154,-0.15524091323783168,6.416108654881645,-0.7197186028940382,0.45280046544794933,0.5262859214708053,5.324671570210699,28.751927361607073,28.919792413102243,23.856755313401948,10.240544202326303,2.8187094362802076,10028.0,19836.88657451159, 0.0, 0.0,0.0,NaN, 184.87018848443256,184.87018848443256,0.0, 35.13846593518928, 4.038170853958341, 5.80628964666778, 4.038170853958341, 38.570326848287316, -3.2690572599354426, 5.80628964666778, -3.2690572599354426, 39.10507566249234, 3.6240963575121508, 2.188876254300131, 2.0, 0.0
573, 0 ,1.0,1.0,1.0,293.234819121447,35.64357235142119,72.48934108527132,4.014600553347952,6.565466927199873,5.8299172792710925,16.0,30.0,25.0,-0.11534294642942591,0.9645036821939208,0.23754715688331635,6.641611893726393,-0.03668116736077014,0.23484440014052466,-0.9713406198052709,5.77787417060556,-0.992648224030059,-0.12075079609263685,0.008291475921975058,3.964274281631121,30.353532143093055,25.08805294977735,17.74338238140234,9.20263769807437,2.9192068197066243,6192.0,13511.781244232714, 0.0, 0.0,0.0,NaN, 81.0613131726062,81.0613131726062,NaN, 16.117017602941687, -3.311168313786562, -0.14849837499748342, -3.311168313786562, 43.105355972155344, 2.475448284107525, -0.14849837499748342, 2.475448284107525, 33.98793548314366, 3.426956715548377, 2.212670402683705, 2.0, 0.0
574, 0 ,1.0,1.0,1.0,5.03343023255814,136.73934108527132,81.94169896640827,3.4439513678625313,6.559695278731362,6.838908121694268,13.0,31.0,30.0,-0.001099477439080872,-0.654224244917374,0.7562998271265523,7.609781575711325,0.11028161043636185,-0.751766460901461,-0.6501424110633413,5.669324079010317,-0.9938997723859904,-0.08269114599510445,-0.07297545357921965,3.4075000114610177,33.19945296157592,23.733716464520114,14.229289598775804,9.547320018166545,3.2418741403245592,6192.0,11211.917561825925, 8.881784197001252E-16, -2.8421709430404007E-14,0.0,49.71044642043481, 159.49114348402443,159.49114348402443,0.0, 11.860801024202202, -1.6687731919656215, -1.510486383405444, -1.6687731919656215, 43.02960214981052, -12.873400818510536, -1.510486383405444, -12.873400818510536, 46.77066429697582, 3.5965932022963076, 2.271071850270495, 0.0, 0.0
575, 0 ,1.0,1.0,1.0,293.8667763157895,241.20402568922304,89.01911027568923,3.4566142250898246,9.966278957061483,8.924606487838853,14.0,44.0,36.0,-0.019763687239417183,-0.8744193920102485,0.4847681131666254,10.395977189467953,0.010482959584300625,-0.48501739910158836,-0.8744416676526139,8.422768464382811,-0.9997497207926876,0.01220038709051722,-0.01875223532769153,3.450236047764798,44.76725477806545,35.165232434092445,14.421245655397342,13.078280620865169,4.458932060004837,12768.0,22702.659236328505, 0.0, 0.0,0.0,NaN, 106.85965104841688,106.85965104841688,0.0, 11.94818190109333, 1.3618458409592826, -1.462601301774154, 1.3618458409592826, 99.32671624996654, -15.726956631279007, -1.462601301774154, -15.726956631279007, 79.64860096277535, 5.011594257338491, 2.90501883235896, 1.0, 0.0
577, 0 ,1.0,1.0,1.0,134.64437840515106,249.68192174343736,153.57830609212482,6.534166071358968,6.2801025497582925,5.6902708782686755,29.0,27.0,24.0,0.8671488004547676,-0.09279826966557224,-0.4893275375624516,6.908372091269065,-0.043793400790424396,-0.9928897904191948,0.11068876243113517,6.279765516834646,0.4961200418417563,0.07455431059571774,0.8650471425619133,5.230022662838189,32.691532820960745,27.163192589461943,23.087203504336486,10.29950998315257,2.9041850937199167,10095.0,20501.584517523785, 0.0, 0.0,0.0,NaN, 205.1836496468336,205.1836496468336,0.0, 42.695326248098695, -1.114007027346213, -8.703009522463889, -1.114007027346213, 39.43968803548061, -0.4027795084880748, -8.703009522463889, -0.4027795084880748, 32.37918266807256, 3.9545695082925225, 2.162715419800725, 2.0, 0.0
578, 0 ,1.0,1.0,1.0,109.00532556983597,14.598665057161115,155.85209117375558,6.418451578772915,8.033647442082579,6.523173565209652,28.0,33.0,31.0,-0.2737791111911667,-0.9450233506684369,0.17881796600670471,8.18637817009697,0.545610030296831,-0.30571320334089847,-0.7802878521049375,6.7031328833615165,-0.7920572536848997,0.11606163877201854,-0.5993121080794942,6.028186067030429,36.153234096872794,31.45181659929075,27.133090159699634,11.69448065654447,3.395132902890378,14083.0,30852.62679309787, -1.4210854715202004E-14, -1.7763568394002505E-15,0.0,68.95927704984797, 181.3116147493491,181.3116147493491,0.0, 41.196520669052525, 6.503877023412133, -5.160186525458469, 6.503877023412133, 64.53949122367996, -3.1343450036166733, -5.160186525458469, -3.1343450036166733, 42.55179336185, 3.5092944945516567, 2.245654186437123, 3.0, 0.0
579, 0 ,1.0,1.0,1.0,173.99525116082737,29.835690164626424,169.95726044744617,5.690657090698474,5.713092219504351,6.6645620836720445,26.0,27.0,29.0,0.019691524703300302,-0.26911629053533387,0.9629063640995218,6.740934790797427,0.778180959074739,0.6088063955929776,0.15423737425995565,5.812944350391898,-0.6277313428437187,0.7462782288487237,0.22140949924976872,5.496259157377931,31.311212242936534,26.85274032768504,25.36653248477969,10.073525946979018,2.821960948549248,9476.0,21327.97381920299, 0.0, 0.0,0.0,NaN, 183.51697264273926,183.51697264273926,0.0, 32.38357812391682, 1.6160411626644322, 0.7186657577179519, 1.6160411626644322, 32.63942270856115, -3.610652752567158, 0.7186657577179519, -3.610652752567158, 44.41638776711906, 4.006723208929251, 2.142183799164004, 3.0, 0.0
580, 0 ,1.0,1.0,1.0,254.6419936373277,183.0237539766702,165.86246023329798,5.7658755024373995,6.565750970118655,5.864433580654417,26.0,29.0,28.0,-0.39462988308638974,-0.8925413370157331,-0.21825951776128674,6.841345796559977,0.5171660678104313,-0.019418943011516754,-0.8556647491616163,5.942968541416599,0.7594777901168136,-0.4505472964855992,0.469255388832988,5.350056068935427,32.20065952333351,29.429351598513506,24.287053398210134,10.119518592868596,2.888136212459241,9430.0,23015.49332245494, 0.0, 0.0,0.0,NaN, 183.66728192459965,183.66728192459965,0.0, 33.245320309607735, 6.336499833005123, -1.3970661985563142, 6.336499833005123, 43.109085801614064, 3.6530020050626906, -1.3970661985563142, 3.6530020050626906, 34.39158122190719, 3.3846089330009033, 2.1853603592359656, 4.0, 0.0
581, 0 ,1.0,1.0,1.0,59.632723906503124,245.7284193473733,172.9654015274242,5.946574860072512,5.600521517194153,5.795586976550886,26.0,25.0,24.0,0.7507865065094199,-0.5158849144894894,0.412531667445728,6.15916564510579,0.5457239257636449,0.13256477763292884,-0.8274128211360081,5.788671933002897,-0.37216262371777253,-0.846338782482112,-0.3810585870626713,5.373302340458835,29.205956869898316,27.46492398774221,25.78839866203799,9.669369527576205,2.6114584379133987,8642.0,20685.890253759786, 0.0, 0.0,0.0,NaN, 150.46346877608647,150.46346877608647,0.0, 35.36175256644641, -3.1748434380279518, 0.7135135903777429, -3.1748434380279518, 31.365841264554692, -2.4373064817328545, 0.7135135903777429, -2.4373064817328545, 33.58882840276623, 3.446887901410188, 2.091813630028843, 0.0, 0.0
582, 0 ,1.0,1.0,1.0,7.822206200432588,287.11095890410957,184.07375630857968,5.060681241492415,7.086926712395392,9.373356322322838,19.0,26.0,38.0,0.03665558654475077,0.14463700181821126,0.9888055954939268,9.42085325178479,-0.05752320737854246,-0.9875245750690629,0.14658203930752173,7.035375289253297,-0.9976710122018909,0.062252319954403286,0.02787830827631268,5.044388183693449,39.45886434112754,29.0674653969744,20.198090916860615,12.19586800978059,3.867251878025837,13870.0,23166.587652049388, 8.881784197001252E-16, 0.0,0.0,87.89931899248451, 116.90255885401403,116.90255885401403,NaN, 25.610494627993212, 1.7018474879260403, 2.0917723905520766, 1.7018474879260403, 50.22453022686335, 5.5725659005836725, 2.0917723905520766, 5.5725659005836725, 87.85980874522951, 3.723749450442167, 2.3043308115627514, 1.0, 0.0
583, 0 ,1.0,1.0,1.0,217.26880381782343,37.518933499325655,205.78535117750803,5.960433650551507,6.503706195473333,6.1783575521617005,28.0,27.0,27.0,-0.2190566094424973,0.7421588802535957,0.6334148706182122,7.397809166615791,0.9750637467631087,0.14284787131971002,0.16983867465249497,5.879576315144318,0.03556531467378926,0.6548241612220465,-0.7549439888309583,5.167210805719835,31.758539648769712,26.486546531742732,26.437706289024234,10.327337398800566,3.0566595939613315,9639.0,22238.712159549228, 2.8421709430404007E-14, 0.0,0.0,77.34637081875123, 130.87597657861468,130.87597657861468,0.0, 35.52676930262676, -3.4604789601361854, -2.585729318489796, -3.4604789601361854, 42.29819427703821, 13.36649791576985, -2.585729318489796, 13.36649791576985, 38.172102042353515, 3.396801209162845, 2.1052053459370135, 5.0, 0.0
584, 0 ,1.0,1.0,1.0,253.3418497700562,142.47402486799524,227.8735309146653,5.8621376704256525,6.211960222250402,7.40189451164108,28.0,26.0,32.0,0.2803927766891727,-0.1203360659323845,0.9523125127900258,7.549137665540038,0.018182663392364018,0.992598529939697,0.12007309904184163,6.190288436257961,-0.9597131246015635,-0.01635205178161874,0.2805054881281924,5.694909991734965,34.3224062561988,27.1901194027742,26.575109948933942,10.872380161957665,3.0874746711797014,11742.0,24800.69847586062, 0.0, 0.0,0.0,NaN, 166.36723922600828,166.36723922600828,NaN, 34.36465806702349, -0.7223416641230562, 6.5702305321524115, -0.7223416641230562, 38.58844980282126, -2.1125083521569503, 6.5702305321524115, -2.1125083521569503, 54.78804236146234, 3.1375420772984657, 2.118655411306672, 2.0, 0.0
585, 0 ,1.0,1.0,1.0,249.7340872374798,200.3285945072698,241.33449111470114,6.1785536051342405,7.07670458492253,6.70890152230826,29.0,33.0,28.0,0.46832482443471074,0.6597186166835389,0.5877441668101483,7.862300193998879,0.304875598985647,-0.7450067590347933,0.5933091926943461,6.420695016130521,-0.8292904967267748,0.0986725685975159,0.5500372680510185,5.497503364172943,36.13739631880816,31.76462264044443,26.503419138054824,11.100289945386802,3.169731092404098,12380.0,30423.02986476184, 0.0, 0.0,2.8421709430404007E-14,54.0029096809179, 126.10588008303428,126.10588008303428,NaN, 38.174524651517316, 7.262013983677867, 10.686441417576443, 7.262013983677867, 50.07974778226356, 7.386695488319568, 10.686441417576443, 7.386695488319568, 45.00935963603009, 3.4957708775852723, 2.1721908110322437, 3.0, 0.0
586, 0 ,1.0,1.0,1.0,17.659374412336238,275.3136714097662,245.54848617814832,8.234964818146551,6.368598075782283,7.242427188386979,38.0,27.0,33.0,-0.9501756481069266,-0.2962298054653138,0.0970264917358391,8.418450620542103,-0.10876048063350713,0.023350942872080838,-0.9937936864960221,7.2333674565846975,-0.2921256503577718,0.9548312080263016,0.05440559329776505,6.1346982789353115,40.24874157431981,33.790024447524104,29.405020853372548,12.185077884953865,3.514301569823729,15953.0,39991.003666803255, 0.0, 0.0,0.0,NaN, 62.33967983067747,62.33967983067747,0.0, 67.81464555611146, 9.317588568963147, -1.4766204543309804, 9.317588568963147, 40.5590414508578, -1.2960963352005317, -1.4766204543309804, -1.2960963352005317, 52.45275157908693, 3.2431984691924605, 2.2677315225103847, 1.0, 0.0
587, 0 ,1.0,1.0,1.0,40.036495185401925,279.0912379635048,269.162259935096,8.558984121870091,7.034788144314472,7.768910268535022,37.0,31.0,36.0,-0.9559023529237857,-0.2868350896966432,-0.06305809221257228,8.670375286417483,0.19946662009734067,-0.4765012682474589,-0.8562473993102144,8.208392739165204,0.21555453867110677,-0.8310668882089342,0.5127027093560209,6.367676281553701,41.259660407904306,39.27921102005229,28.867750073982563,12.990185514827436,3.788865329452391,18797.0,46784.42989190133, 0.0, 0.0,0.0,NaN, 54.690616095817376,54.690616095817376,0.0, 73.25620919842433, 6.944427874503141, -2.495148710723853, 6.944427874503141, 49.488244235387455, 11.573215098755488, -2.495148710723853, 11.573215098755488, 60.3559667605489, 3.0499783790434347, 2.033606062599967, 2.0, 0.0
589, 0 ,1.0,1.0,1.0,215.14291586736093,140.79967114277883,291.8084406686763,6.72260881447449,6.516071149838181,4.050723202328511,30.0,26.0,14.0,-0.9315818486706424,0.3610381620467172,0.04250534993759468,6.76129184905883,0.36191183628858603,0.9320950031798968,0.014789448985403483,6.480451312101548,0.034279468805871176,-0.02916077147464615,0.9989867703955804,4.043475520813508,29.99221083280831,29.663147627006083,15.021333419351265,9.73421530003545,3.0505841172865567,7298.0,13363.930225823933, 0.0, 0.0,0.0,NaN, 164.5976116645896,164.5976116645896,0.0, 45.19346927245011, -1.225137983271907, -1.0255143350821365, -1.225137983271907, 42.45918322975347, 0.8041847434371738, -1.0255143350821365, 0.8041847434371738, 16.408358461882546, 3.650684814688832, 2.182233860849221, 0.0, 0.0
591, 0 ,1.0,1.0,1.0,92.19351943272596,186.93618167130418,225.47850282739432,6.604491921099062,6.241480146963782,6.4510898753995445,31.0,29.0,30.0,-0.7196698361988293,0.6332487006226665,0.28473041640340274,7.241501301073324,0.4143910376308264,0.06270470160658496,0.907936224812997,6.473186958608488,0.5570954988121852,0.7714040468886161,-0.3075392684635067,5.463557270381877,31.14670529203434,30.185079261467536,27.07421465266657,10.718493569511999,3.0505481706767443,11141.0,25454.249811207086, 0.0, 2.8421709430404007E-14,-2.8421709430404007E-14,74.5185013270403, 163.81857520227499,163.81857520227499,1.9073486328125E-6, 43.61931353586279, -9.981277056218628, -0.0943947667051355, -9.981277056218628, 38.956074424943026, 4.759017638477457, -0.0943947667051355, 4.759017638477457, 41.616560580482506, 3.4143368457508796, 2.0629642609130485, 3.0, 0.0
592, 0 ,1.0,1.0,1.0,253.15072463768115,43.206354515050165,10.773355629877369,5.726215607433685,5.859551253384626,6.3361100994510755,26.0,25.0,25.0,0.5647377082928082,0.08561093722587779,0.820817938558542,6.855869421526317,0.11513629242338208,-0.9930509947905941,0.024358898013016345,5.856234258853152,0.8171994585162088,0.0807495459598246,-0.5706702689190122,5.096248821107485,32.039754333444705,26.148150080089785,24.73398300875428,9.95599603478141,2.8545262692155364,8970.0,20721.64382498449, 0.0, 0.0,0.0,NaN, 64.63519833637382,64.63519833637382,0.0, 32.78954518281713, 0.06510687799912565, 9.772287980870189, 0.06510687799912565, 34.334340891041336, 1.276534975373137, 9.772287980870189, 1.276534975373137, 40.146291192365915, 4.016766776907005, 2.315378607360135, 1.0, 0.0
593, 0 ,1.0,1.0,1.0,185.23012126261224,246.45478107932982,50.40053688790151,7.086275680601837,5.332824138169921,6.549365210489685,33.0,25.0,30.0,0.9719263798266552,-0.15609602729399455,-0.17604869343475882,7.146468760682226,-0.17035036050668867,0.049267817036395746,-0.9841511250208017,6.529896460818326,0.16229561569030282,0.9865123985371403,0.021293676530952238,5.276072159674725,33.32233875263158,30.67189245537586,24.58568905386204,10.602490816279662,3.022530307741849,10803.0,25128.029454298823, 2.8421709430404007E-14, 0.0,-7.105427357601002E-15,11.004297386078669, 136.30638155730605,136.30638155730605,0.0, 50.21530302148903, -3.649318315580308, -1.4940048785821654, -3.649318315580308, 28.439013288647764, -0.07922222810886254, -1.4940048785821654, -0.07922222810886254, 42.894184660372595, 3.683475258352469, 2.2383560350135947, 3.0, 0.0
594, 0 ,1.0,1.0,1.0,263.90768201583234,179.6439959861746,277.3888950830639,6.086835496621227,5.408646744196231,6.232600120713668,29.0,23.0,28.0,-0.08869198907861363,0.4307588307131505,-0.8980983024346051,6.421778178431349,0.9296268477903321,-0.28797160223846596,-0.22992668434007688,6.226982713697027,0.3576697568158227,0.855288948874502,0.3749041997530306,5.013360304376102,30.218817628381743,29.3110762112957,22.789878417178386,9.882307237438823,2.736482029179591,8969.0,20186.045164501735, 0.0, 0.0,0.0,NaN, 127.66943716180049,127.66943716180049,0.0, 37.049566362928175, -4.267228378129911, -1.6329573944947282, -4.267228378129911, 29.25345960350449, -5.327378526009201, -1.6329573944947282, -5.327378526009201, 38.845304264720035, 3.8169623293503427, 2.2980112123064456, 0.0, 0.0
595, 0 ,1.0,1.0,1.0,226.1493981083405,285.96718257380337,278.5759529951275,6.608268360904154,6.974778342959624,7.14624535795171,31.0,28.0,33.0,-0.21729919842688966,-0.6007937564629537,0.7693035295370508,7.394820741339969,-0.28427004430789166,-0.7150217161327698,-0.6386974928459777,6.769758944036274,-0.9337941958869846,0.35747840166041006,0.015414021996158623,6.547713831734009,35.797982449469,34.98006040170026,31.792033263783622,11.524958080660321,3.249755008953708,13956.0,39810.479637979166, 0.0, 0.0,0.0,NaN, 78.16534497297593,78.16534497297593,0.0, 43.66921072972688, 2.1429796742347684, -1.4375080248524845, 2.1429796742347684, 48.647532933418596, -4.108427452581791, -1.4375080248524845, -4.108427452581791, 51.068822716046355, 3.4630781276630414, 2.1717435787071238, 2.0, 0.0
596, 0 ,1.0,1.0,1.0,158.45888125613345,57.87948969578018,271.9830225711482,5.24792843139389,7.193471124913713,6.2094143512381095,25.0,33.0,29.0,0.009338338548283193,-0.9985938588148768,0.05218333613684932,7.195865186993069,0.30166121431057913,0.05256763600902107,0.9519648919078321,6.304502840632863,-0.9533694494863075,0.006851918099103892,0.301727930434918,5.129948769182282,32.78221735053667,26.851542915711832,23.82738431905858,10.43130324051313,3.0052485647312355,10190.0,20974.129294413557, 0.0, 0.0,0.0,NaN, 155.46341899931974,155.46341899931974,0.0, 27.54075282103234, -0.02448418228342561, 3.869223401110066, -0.02448418228342561, 51.74602682496735, -0.6548428147821417, 3.869223401110066, -0.6548428147821417, 38.55682658536179, 3.07131386430563, 1.9814377293827665, 2.0, 0.0
597, 0 ,1.0,1.0,1.0,30.811351706036746,224.74814085739283,287.88746719160105,6.377484434257678,5.492946327858688,5.964381039046084,27.0,25.0,22.0,-0.9729693675618352,-0.178403670916298,-0.14663812597653883,6.410823764330111,0.17498224972437373,-0.1551573094856618,-0.972269212509872,5.971235542624739,0.15070441953612015,-0.9716472299743147,0.18218078497888113,5.446493643259213,29.361763168399122,25.526579635461985,25.319054172279152,9.935779429480986,2.774688338817568,9144.0,18976.767464363926, 0.0, 0.0,0.0,NaN, 82.21249995837874,82.21249995837874,0.0, 40.672307709198975, 1.8221284972662475, 0.6120823387480152, 1.8221284972662475, 30.172459360736237, 1.2029567959598801, 0.6120823387480152, 1.2029567959598801, 35.57384117893245, 3.9714667563141695, 2.3612601513038824, 2.0, 0.0
598, 0 ,1.0,1.0,1.0,233.26914532912429,265.68034607739975,272.6266806968315,6.7652113481125955,5.441762139890011,5.283663890845203,29.0,24.0,23.0,-0.9774901693662518,-0.1998396899549997,0.06765402509108952,6.826909271436053,0.12188461616357883,-0.7966209848630693,-0.5920634651947787,5.485023644620112,0.1722123954162218,-0.5704902319886653,0.8030465653189265,5.158080001389272,30.2134261463074,24.97446800400553,23.067878541181017,9.777897143611684,2.773209572344566,8553.0,17406.196345543383, 0.0, 0.0,0.0,NaN, 79.8758049733823,79.8758049733823,0.0, 45.76808458463144, 3.569138703358558, -1.5737891925764238, 3.569138703358558, 29.612775187140315, 1.3707874459414826, -1.5737891925764238, 1.3707874459414826, 27.91710411142147, 3.6204376570574652, 2.120067162420831, 2.0, 0.0
599, 0 ,1.0,1.0,1.0,122.38064269319051,238.99961744452946,292.67540168324405,6.169136738229988,5.61367876664851,3.568709029151653,26.0,24.0,18.0,-0.8281766647910783,0.5604068656642458,-0.008219295097637466,6.600272751076402,0.5587671420116739,0.8244345198241767,-0.08992776840545334,5.110700502981089,-0.04361986822116634,-0.0790687513411903,-0.9959143736575512,3.5530918233385127,28.607857186877542,22.90491226382835,18.768937092570127,8.662123542487942,2.697209161248749,5228.0,12298.542332747418, 0.0, 2.8421709430404007E-14,0.0,55.91606011533789, 136.93691291399094,136.93691291399094,0.0, 38.058248094978936, -8.142738851303278, -0.46749222449421307, -8.142738851303278, 31.513389295120334, -1.1430086451096815, -0.46749222449421307, -1.1430086451096815, 12.735684134748533, 4.5497538315242, 2.4501603498327005, 3.0, 0.0
600, 0 ,1.0,1.0,1.0,215.2331657463117,19.983268771120084,11.750020604961675,6.505286187459658,7.062131414833466,6.659445051816123,29.0,34.0,28.0,-0.32393871972732463,-0.7882615718606418,0.5231705268736112,7.781221200458074,-0.7836748320059711,-0.08622721331622996,-0.6151573988534407,6.623114654836537,-0.5300164747834123,0.609268874973527,0.5898084218173366,5.668121893336513,38.46284518215269,30.692018859070743,28.886859270266186,11.193676551871516,3.352948277467256,12133.0,34101.005821859486, 0.0, 0.0,0.0,NaN, 87.8795209613031,87.8795209613031,0.0, 42.31874838075341, 8.050138683466697, 0.8422642140083624, 8.050138683466697, 49.87370012037774, -11.09756414878367, 0.8422642140083624, -11.09756414878367, 44.34820839815824, 3.242278262649828, 2.00547318404145, 3.0, 0.0
601, 0 ,1.0,1.0,1.0,7.560570824524313,73.30200845665962,105.3306553911205,4.815653353567793,7.760583456516193,6.087450352186459,18.0,35.0,26.0,0.09404129113849966,-0.9605577576307424,0.26169644593766317,7.916001821190024,0.291146816005696,-0.22483529404878486,-0.929883122806163,6.018698737537281,-0.9520450446752764,-0.16363949647134907,-0.2585195313779097,4.646117225307602,35.28374148384046,27.5837383636285,20.55347721956239,10.479244728402414,3.2649126358703877,9460.0,20003.825723068214, 8.881784197001252E-16, 0.0,0.0,84.60385719419739, 128.54918762907772,128.54918762907772,0.0, 23.190517221728733, -4.668768588336786, -2.952163376227528, -4.668768588336786, 60.22665558555283, -7.265188419918693, -2.952163376227528, -7.265188419918693, 37.057051790335045, 3.6998433988328716, 2.2271840674945156, 1.0, 0.0
602, 0 ,1.0,1.0,1.0,287.57181996086103,172.17111545988257,106.58583170254403,6.764960113514991,6.565163005741151,6.976940691448481,27.0,30.0,29.0,-0.6171982440888766,-0.501023553384349,0.6066644265553471,7.4781274507508515,-0.4470331630612794,-0.41120857591579507,-0.7943984253614377,6.668494211840042,-0.6474779367801159,0.7615004307598418,-0.029823067171908895,6.095288903601943,32.958329029852166,28.649389718252394,27.02689285317213,11.293928983271144,3.160841685725298,12775.0,25519.76554709601, 0.0, 0.0,0.0,NaN, 166.89884032424837,166.89884032424837,3.3036247397782844E-6, 45.76468533744875, 7.149119496325326, -4.4298630596543225, 7.149119496325326, 43.101365291952185, -3.31519593751555, -4.4298630596543225, -3.31519593751555, 48.6777014119896, 3.0346543343333114, 1.9281812495288542, 0.0, 0.0
603, 0 ,1.0,1.0,1.0,204.05725755334882,270.31903655186983,127.63416437777309,6.016465947547658,5.557894110556048,6.462148327104847,26.0,25.0,29.0,-0.5071334497441463,0.24976836957979565,0.8248826739046303,6.707737499658194,0.724981220300883,-0.3939331409859252,0.5649946111636879,5.905854377013676,-0.4660664055278442,-0.8845521137787273,-0.018699295386217268,5.382801515646458,29.58412039151078,27.21070657685192,25.9748940740173,10.052692938648452,2.7911960025955507,9466.0,20909.91491058994, -2.8421709430404007E-14, 0.0,1.4210854715202004E-14,38.64071571006184, 162.40827976370565,162.40827976370565,0.0, 36.197862498000546, -3.715393810597236, -4.282666077831503, -3.715393810597236, 30.890186944153605, 1.9862480011752874, -4.282666077831503, 1.9862480011752874, 41.759361001503976, 3.5778155864015484, 2.1432014743048806, 2.0, 0.0
604, 0 ,1.0,1.0,1.0,30.03557091882248,246.2135370205174,119.89507136485281,5.629503379938152,6.101871546862484,5.96668066156709,26.0,27.0,26.0,-0.28842680901988826,0.7745572095955043,0.5629130527019529,6.61135905483901,0.6931570333498722,-0.23667505924682702,0.6808217413156802,5.866793691897205,-0.6605628682844723,-0.5865543840038517,0.46862634544981924,5.137712138780949,30.282546372166536,27.106170976126002,23.69980099144543,9.854552551828272,2.7227223140678443,8968.0,19453.836590532926, 0.0, 0.0,-1.4210854715202004E-14,55.742504888326145, 134.79594674116137,134.79594674116137,0.0, 31.691308304735074, -5.184223718727166, 0.975186466838908, -5.184223718727166, 37.23283637440997, 6.256237548651553, 0.975186466838908, 6.256237548651553, 35.60127811711869, 3.51595503288877, 2.163745963721457, 0.0, 0.0
605, 0 ,1.0,1.0,1.0,195.3514243400993,256.03824374945555,155.797717571217,6.879612379173377,6.26207144021538,6.12026506056447,31.0,28.0,27.0,-0.7955511626688897,-0.5475408888773117,0.25941727502928846,7.361250644248416,-0.4722116147553992,0.2920546697168477,-0.8316972170127067,6.1390564799399785,-0.37962420690240023,0.7841575383199645,0.4908995993374787,5.66782357790556,33.11731731334356,28.009005023062173,26.524719761987825,10.72989120810914,2.978201518323825,11479.0,24603.881968592734, 0.0, 0.0,0.0,NaN, 183.51637163465483,183.51637163465483,0.0, 47.32906648767557, 8.84360351203914, -2.3684112450814157, 8.84360351203914, 39.21353872236113, -4.485425386685632, -2.3684112450814157, -4.485425386685632, 37.45764441156621, 3.458450833856878, 2.134650287879917, 2.0, 0.0
606, 0 ,1.0,1.0,1.0,126.28404845465866,91.04528472772557,165.87433488056152,5.669192172400763,5.593213348410833,6.398945908657438,24.0,25.0,27.0,-0.4910401396131348,0.04777493462384494,0.8698259233377683,6.6990434641009005,-0.425232627493113,0.858309225039362,-0.2871976440147677,5.7363914589677645,-0.7603004628461153,-0.5109039340561174,-0.4011488207161605,5.156249982879384,31.010931314829094,26.84644324387292,24.326536804645116,9.837071488142751,2.7572284503728106,8833.0,20252.649712929328, 0.0, 0.0,0.0,NaN, 205.49111613153244,205.49111613153244,0.0, 32.13973988761008, -2.7354940996109494, -7.04038335959797, -2.7354940996109494, 31.284035560841122, -0.7976603591333338, -7.04038335959797, -0.7976603591333338, 40.94650874192376, 3.854156677074183, 2.111019652911648, 2.0, 0.0
607, 0 ,1.0,1.0,1.0,110.12402656894183,77.43437929454879,171.26339899221256,6.4833084889665065,5.435241117678493,5.60088606216836,29.0,25.0,24.0,-0.9661927375953486,0.2492911340944807,0.06576871809525554,6.541811539444842,-0.20367222027903614,-0.5816086575627013,-0.7875588842332488,5.927886758048101,-0.15807979157568916,-0.7743289352142282,0.6127197398365638,5.000991903407183,29.882381026830444,27.267902625463194,23.633143944003763,9.777403339143817,2.710616829339774,8732.0,19256.99127805753, 1.4210854715202004E-14, 0.0,0.0,14.940798649274718, 186.26995668525643,186.26995668525643,0.0, 42.033288963105164, -3.083879154374293, 0.4947021176630548, -3.083879154374293, 29.541846007302958, 4.931622494564572, 0.4947021176630548, 4.931622494564572, 31.369924681391797, 3.3204291392146748, 2.04920622514336, 1.0, 0.0
608, 0 ,1.0,1.0,1.0,135.74909260120987,55.834341554211264,179.9252675663099,5.409499543369507,7.4502171446054115,6.167319488627335,24.0,34.0,30.0,0.1382653516508796,0.9402886271605618,0.31103052931402986,7.5741066364761735,0.5227726674175834,-0.33602326105053065,0.7834520446294542,6.4622720630225885,0.841184540237137,0.054273987005506445,-0.538017568115171,4.8658194509306645,35.01111896457488,31.458363566141117,21.42539049345065,10.642072055685668,3.090396875463823,10745.0,23597.76459713589, 0.0, 0.0,0.0,NaN, 189.63974058162609,189.63974058162609,0.0, 29.2626853097149, 1.2032931438021033, 8.85579538006251, 1.2032931438021033, 55.505735501772406, 5.0922267350424715, 8.85579538006251, 5.0922267350424715, 38.03582967480253, 3.6570478426600235, 2.2198864651695933, 3.0, 0.0
609, 0 ,1.0,1.0,1.0,128.4300651613881,212.48742233671769,184.39612062433702,7.125224546135532,6.694248085182142,6.7071708214824115,33.0,30.0,30.0,-0.7460273290937242,0.2504766116389368,0.6170127156446308,7.73963859200366,0.41776307708516963,0.8975893523728339,0.14073864405787043,6.719952696009552,-0.5185723051509934,0.362760005415143,-0.7742660671898199,5.958871782134912,36.45390273083531,30.646550169490354,27.658587261329217,11.395101310453175,3.2740783148653785,13198.0,30899.796395196885, 0.0, 0.0,0.0,NaN, 193.69302985222066,193.69302985222066,0.0, 50.76882483285229, -0.93988552683813, -10.661341162580465, -0.93988552683813, 44.812957425964775, 4.988995001033483, -10.661341162580465, 4.988995001033483, 44.98614042854504, 3.0885839557910546, 2.012763789846563, 3.0, 0.0
610, 0 ,1.0,1.0,1.0,294.71051819864283,66.68908081431215,210.28778531770513,3.062570868355075,8.315430782561782,6.182563297383613,13.0,34.0,29.0,-0.026856679472983366,0.9981017486273301,-0.05542218107175926,8.32411501130794,0.06481157370824414,-0.053586955546072776,-0.9964576750212546,6.184243255133285,0.997536053825197,0.030353543160043926,0.06324937736045372,3.035467507532297,34.23942703816101,28.99575800381112,13.876186652812862,10.188414172323412,3.598059894251901,6484.0,13776.25230735997, 0.0, 0.0,0.0,NaN, 111.90930962519118,111.90930962519118,1.3486991523486091E-6, 9.379340323697159, -1.7112269141789327, -1.7854452434712083, -1.7112269141789327, 69.14638909957606, -1.7731068475488014, -1.7854452434712083, -1.7731068475488014, 38.22408892615493, 3.9239859766913447, 2.421472787427439, 1.0, 0.0
611, 0 ,1.0,1.0,1.0,63.370903522205204,4.716232771822359,224.20183767228178,8.522986410054598,3.275908144225141,5.533165740881964,37.0,13.0,24.0,-0.9953669361211607,-0.0076589563371386536,-0.09584363758016684,8.546257846798575,0.09576937669312457,0.009537420223310167,-0.9953578573072572,5.497647322338384,0.008537503416276626,-0.9999251862031024,-0.008759739271648614,3.2750794443288203,36.947397143074525,24.281203502369976,13.188185910930649,10.055093183354828,3.5894143959003535,6530.0,11831.481208201665, 0.0, 0.0,0.0,NaN, 98.91145372017222,98.91145372017222,0.0, 72.64129734597537, 0.4928459765155053, 4.085934021092419, 0.4928459765155053, 10.731574169400607, -0.13935601734484324, 4.085934021092419, -0.13935601734484324, 30.61592311606985, 4.063743142379736, 2.366821032103154, 1.0, 0.0
612, 0 ,1.0,1.0,1.0,160.5956787309691,28.951773178958884,279.7248609718297,6.285209585116542,6.575726254121072,6.240022616238108,30.0,30.0,30.0,-0.607889330249147,0.5185955722181186,0.6012729784756711,7.17933348291845,-0.39250943862711085,-0.8545207043672848,0.34019216098591887,6.340170998513517,0.6902223574746569,-0.02920613434539676,0.723007675587697,5.47186622641629,32.36895043728242,26.919570973269757,22.87811492187393,10.614554516850895,3.0021908596787696,10969.0,19935.034378985023, 0.0, 0.0,0.0,NaN, 143.81533722554315,143.81533722554315,0.0, 39.503859528840856, -3.369758952622586, -9.265041625483885, -3.369758952622586, 43.240175769137146, 3.754166419372571, -9.265041625483885, 3.754166419372571, 38.93788225116308, 3.5809753745405772, 2.1440692324331008, 1.0, 0.0
613, 0 ,1.0,1.0,1.0,6.318290496114764,35.499302649930264,36.248754732018334,4.123178857593135,7.4637297590797544,8.293155942616343,16.0,30.0,32.0,-0.01825132842598854,-0.22528774261243617,0.9741213076610531,8.33947381009327,0.04223379025142898,-0.9735877192077966,-0.2243730375262587,7.417707049191314,-0.9989410372848264,-0.037045728989376255,-0.027284024482482138,4.1127971017270495,35.245312540603535,33.82179369751336,16.815341213614982,11.322741006839609,3.6441511204760406,10038.0,20044.890426824142, 0.0, 0.0,0.0,NaN, 51.12820653070731,51.12820653070731,0.0, 17.00060389170303, -1.350495314457781, -1.2968491102608728, -1.350495314457781, 55.70726191657273, -3.226017007060731, -1.2968491102608728, -3.226017007060731, 68.77643548855276, 3.4074818774461035, 2.1884340183949447, 2.0, 0.0
614, 0 ,1.0,1.0,1.0,166.13111675687617,160.53551308958356,196.3193416547001,5.068026845015622,6.0582779708354,6.728351584312327,22.0,28.0,31.0,0.3315503455758295,-0.13534077105959144,0.9336794118098262,6.940272577473737,-0.04471437123439666,0.9862904577882436,0.1588450750919594,6.050912557619558,-0.9423773094433358,-0.09441402737333514,0.3209532646375273,4.783034276088217,32.53024676398209,28.52448889738821,22.961744962167828,9.979568648990334,2.8401677232009543,9053.0,21306.402059921216, 0.0, 0.0,0.0,NaN, 219.36476454722995,219.36476454722995,0.0, 25.684896101798998, -1.7406002471374573, 7.731242842800377, -1.7406002471374573, 36.702731971909486, -1.0437610009927034, 7.731242842800377, -1.0437610009927034, 45.270715042118205, 3.3414699923171796, 2.0340772430044622, 1.0, 0.0
615, 0 ,1.0,1.0,1.0,231.49217919514047,5.741533788914199,206.7178435839028,5.429968966835542,3.8625607997118196,7.4854224655701636,24.0,15.0,32.0,0.058017145180374825,-0.04197514364290047,0.9974327537138922,7.497079127036643,0.986245320902049,0.15730530613684368,-0.05074650391907427,5.455448665734981,-0.154771372882501,0.9866575535500417,0.050524193795786515,3.8035999814401964,32.71163556846122,25.395180274774845,17.111837522002716,9.525263906060761,3.1152585639439563,6585.0,14215.10942928944, 0.0, 8.881784197001252E-16,0.0,87.59429463135844, 115.87858916692596,115.87858916692596,0.0, 29.48456298079704, 2.271175245273975, 1.6498813886971828, 2.271175245273975, 14.919375931470412, -1.869586973454433, 1.6498813886971828, -1.869586973454433, 56.0315494880625, 3.384558633026429, 2.1579358318426007, 5.0, 0.0
616, 0 ,1.0,1.0,1.0,103.77268195413758,131.4431704885344,262.9136590229312,6.423456166129658,6.082099548108987,5.812277965303445,29.0,27.0,28.0,0.8940262260379099,0.13969809827309773,-0.4256777519383553,6.585484486174586,0.21926070812144938,-0.9650102436328566,0.14380532520646058,6.094890013034032,0.39069406065423173,0.22190013750003657,0.8933747701535859,5.614179280056925,29.18590101521407,27.9406555400331,26.457435777728563,10.209845544519885,2.7918368745847726,10030.0,21575.32999979283, 1.4210854715202004E-14, 0.0,0.0,26.616375739706818, 171.5268879071148,171.5268879071148,0.0, 41.26078911818912, 0.2889759435551798, -4.332089474348631, 0.2889759435551798, 36.99193491310754, -1.4857641432631443, -4.332089474348631, -1.4857641432631443, 33.78257514595195, 3.31464021142613, 2.0588534444841335, 1.0, 0.0
617, 0 ,1.0,1.0,1.0,62.55095028454848,293.5106839901213,288.44658004939333,9.983805603332511,3.723464574846294,6.380686605404173,43.0,14.0,26.0,-0.9981524506397156,0.05440201858268803,-0.027057451026646674,9.998292719383036,0.03322099389250473,0.11578976342660124,-0.9927180346152709,6.407288132335802,0.05087288911320701,0.9917828144607782,0.1173831252503302,3.6379287800084983,43.21933580491846,27.6320189817188,15.3348692202822,11.628673728651174,4.362071942807617,9313.0,18313.475992996086, 7.105427357601002E-15, 0.0,0.0,3.483393547176459, 63.93914385047081,63.93914385047081,NaN, 99.67637432513366, -4.602632830807753, 1.4249541250470203, -4.602632830807753, 13.864188440135292, -3.3253446488687213, 1.4249541250470203, -3.3253446488687213, 40.71316155638422, 3.7336512059245317, 2.3226001450159806, 1.0, 0.0
618, 0 ,1.0,1.0,1.0,209.76097776794603,87.48888397301184,50.08063267337684,5.386309470811793,6.101083517754289,6.357054880334701,24.0,27.0,28.0,-0.19541372976668336,0.6733297654125528,0.7130501393507684,6.924936316420044,0.6253538662604219,-0.47453118575684805,0.6194777604541922,5.929665034818238,-0.7554773432551207,-0.566963121158402,0.3283394631696104,4.850981977490531,33.16754534181067,26.282601690247475,22.262884927991422,9.938107659610603,2.8074388156381938,9041.0,19407.21094791157, 0.0, 0.0,0.0,NaN, 135.29765600780362,135.29765600780362,0.0, 29.012329715356817, -6.664364753270948, 1.1018966051506858, -6.664364753270948, 37.223220090613054, 8.307333655975473, 1.1018966051506858, 8.307333655975473, 40.41214675158724, 3.899910092393377, 2.2189765188169046, 0.0, 0.0
619, 0 ,1.0,1.0,1.0,187.5953237410072,105.90636902242912,79.88066017774015,5.948192125238966,5.749939157572867,6.508884067399294,27.0,27.0,30.0,0.08227252472762155,0.48116689552465697,0.8727597895905305,6.81595068651794,0.994996820154844,0.01014747157083476,-0.09938992253980293,5.943558312071287,-0.05667944562795072,0.8765702752614206,-0.4779246729050778,5.387512645679168,30.685142273624223,27.14278896865852,26.294858008229944,10.12494665515109,2.8798987669248213,9452.0,21900.470309864315, 2.8421709430404007E-14, 0.0,0.0,85.28079745255638, 173.87320125549974,173.87320125549974,0.0, 35.38098955875484, 0.7536882681751271, 0.6285997862733975, 0.7536882681751271, 33.061800315789775, 7.314048270979648, 0.6285997862733975, 7.314048270979648, 42.365571802844386, 3.5437729715720807, 2.2136264343139413, 1.0, 0.0
620, 0 ,1.0,1.0,1.0,83.72607286199444,19.164788514973758,121.97275393640012,6.898431931993502,8.910740422897746,4.732349945802396,29.0,40.0,21.0,0.10607238248316485,0.9939075744487536,-0.029939658109945283,8.93315117637497,-0.9879083264394619,0.10876047272636123,0.11049116762854878,6.895781861038741,0.11307425978500485,0.01785757614385876,0.9934260509712534,4.693804064844095,40.558688971552186,30.40681597938803,20.279630011383603,11.669354367067024,3.634688799603268,12956.0,25010.068511822876, 0.0, 0.0,0.0,NaN, 149.18008278099757,149.18008278099757,0.0, 47.5883631203476, 3.3483972244243576, -2.969102831098791, 3.3483972244243576, 79.40129488426389, -1.4123826531502932, -2.969102831098791, -1.4123826531502932, 22.39513600953594, 4.237799365539248, 2.2664684563009274, 2.0, 0.0
621, 0 ,1.0,1.0,1.0,98.33700465538776,140.8781650959464,175.54263653911661,5.620767286353434,6.060838664502435,5.9115364498077,25.0,27.0,27.0,-0.0038940950632199347,-0.8197922780053056,0.572647759924467,6.19930396256657,0.2877936141011535,-0.5493429725153307,-0.7844725197421624,5.780409977844911,-0.9576845366331416,-0.1617495578692324,-0.2380701762566511,5.606116683552977,30.500327957308755,28.218835073446883,26.502781378453108,9.795367383938466,2.706257788081241,8807.0,22810.51258146917, 0.0, 0.0,0.0,NaN, 212.14725830193734,212.14725830193734,0.0, 31.593024887340952, -0.29140388381616117, -0.46367040400796194, -0.29140388381616117, 36.73376531712766, -2.432241511698391, -0.46367040400796194, -2.432241511698391, 34.94626319740503, 3.21390226430894, 2.0209826899976795, 5.0, 0.0
622, 0 ,1.0,1.0,1.0,206.35841854124064,120.16482617586912,184.94560327198363,5.76460201174323,5.495213572651089,5.226711527205037,25.0,24.0,22.0,0.9033030305907889,-0.011620356177251906,-0.4288456625032029,5.914972462838495,-0.1612729379754788,0.9171121241582172,-0.36454957303329893,5.592403120832298,-0.39753575235726235,-0.39845993405148916,-0.826556112162646,4.948196646196306,27.323118764659455,26.343282159114466,23.266987242820505,9.188815164425367,2.512408769585184,7335.0,16747.126668002522, 2.8421709430404007E-14, 0.0,0.0,25.404309149638305, 190.907950160338,190.907950160338,NaN, 33.230636353794104, -1.1145641467429996, -3.6691194276816606, -1.1145641467429996, 30.197372209048748, -2.2178915277202464, -3.6691194276816606, -2.2178915277202464, 27.318513388618005, 3.8668458452213357, 2.0564622430012665, 0.0, 0.0
623, 0 ,1.0,1.0,1.0,273.83743440233235,142.26029154518952,215.16104956268222,5.852485789745081,4.969939130284548,6.573900072538763,24.0,21.0,28.0,0.1838656009960557,-0.025805232280259938,0.9826126046196032,6.599649084076157,0.9829022441121397,0.014823297150890409,-0.18353051076291332,5.824687128043678,0.009829511161735258,-0.9995570818360193,-0.028089515157494128,4.9684704758186715,28.43248093432919,25.11719113339825,21.225244350978073,9.73673758319058,2.7136669430325777,8575.0,15157.882133363728, 0.0, 0.0,-2.8421709430404007E-14,10.700059226618459, 167.6905420722357,167.6905420722357,0.0, 34.251589919168104, 0.04511328443081029, 1.7420994857584833, 0.04511328443081029, 24.700294958733526, -0.5036108016217711, 1.7420994857584833, -0.5036108016217711, 43.216162163725144, 3.5584867469770916, 2.077300127717913, 3.0, 0.0
624, 0 ,1.0,1.0,1.0,259.49143708116156,225.18475428145942,259.88346984363363,6.440728762271631,6.369576611745218,6.108613782675013,31.0,30.0,29.0,-0.6718592070281029,0.6066804719596772,0.4249047079926879,7.190797599626372,-0.10524601946536324,-0.6460442489580803,0.7560093278358977,5.884211878160106,-0.7331633387712898,-0.4632122983373526,-0.4979014815711663,5.747881001034986,31.71882125186822,28.26059073970663,27.77433777763497,10.5254448288172,2.929960188033103,10744.0,24896.711579931292, 0.0, 0.0,0.0,NaN, 94.06168536371092,94.06168536371092,0.0, 41.48298698915305, -7.501908284261497, -5.455856363959951, -7.501908284261497, 40.5715062128917, 4.038096831756066, -5.455856363959951, 4.038096831756066, 37.31516234588713, 3.0032000688202154, 2.0410554135291705, 2.0, 0.0
625, 0 ,1.0,1.0,1.0,264.7075618619138,145.78300744073368,293.4554421180135,6.3965915438532885,6.9534318721230095,3.2718782245601865,31.0,32.0,13.0,0.254553759606734,0.9644897354481817,0.07044099435111431,7.002261542274724,0.9644272175185868,-0.2585565720487652,0.055033091497285136,6.365348012257451,-0.07129183389024261,-0.0539263318378723,0.9959966993695699,3.2283840031714224,30.981616666724676,29.490196781973225,14.412184425075509,9.464953726356741,3.222799443562534,5779.0,13167.74954697366, 0.0, 0.0,0.0,NaN, 150.13684653031154,150.13684653031154,0.0, 40.9163833788954, 1.9746119700363145, 2.289617092826251, 1.9746119700363145, 48.3502148002561, 2.194864927494173, 2.289617092826251, 2.194864927494173, 10.70518711635112, 3.5514537980552774, 2.2894794411265385, 1.0, 0.0
627, 0 ,1.0,1.0,1.0,194.31427264409882,117.73833485818847,64.44693504117109,6.864106846911087,6.626181385418118,5.562649279010056,29.0,29.0,29.0,-0.921942748650873,0.37090147915099647,-0.11159597203159215,6.948792986822724,-0.33904172943566335,-0.9120990830224056,-0.23049071228785217,6.6100317194321,-0.1872759298771404,-0.17466354946951512,0.966654214585217,5.476044763689319,31.60804968421064,31.102295280593466,27.883533434317044,10.628370866088765,3.0005070058941263,10930.0,27411.82475810904, 0.0, -1.4210854715202004E-14,0.0,68.2287754215686, 170.83675218794616,170.83675218794616,1.9073486328125E-6, 47.115962805811655, -2.018955191022641, 2.953685099137908, -2.018955191022641, 43.90627975246157, 2.123900660361335, 2.953685099137908, 2.123900660361335, 30.943067001271103, 2.963095316143616, 1.974276800422922, 2.0, 0.0
628, 0 ,1.0,1.0,1.0,54.0238801311066,292.9538005306696,102.6271265803028,5.927523165599222,4.130090068805318,6.294675885084046,24.0,17.0,28.0,-0.294568551510521,0.13568605695249714,-0.945948551671642,6.380498508290454,-0.954257970410567,-0.09479542053804998,0.2835587313995459,5.887110236384333,0.051196624585016066,-0.9862064298075213,-0.1574032510382265,4.055526008273212,29.362655649094613,25.171488671264584,18.237148567940153,9.175302144707953,2.7622363958824523,6407.0,13479.10849505984, 0.0, 0.0,0.0,NaN, 116.19189154803902,116.19189154803902,0.0, 35.13553087871543, 0.6775508847834468, 1.8333150668352827, 0.6775508847834468, 17.057643976444314, -3.6037725194678316, 1.8333150668352827, -3.6037725194678316, 39.62294449825861, 3.7201985127238935, 2.1816268990487604, 0.0, 0.0
629, 0 ,1.0,1.0,1.0,242.15478359908883,242.88917995444191,117.84225512528474,7.076885351223032,4.932057425020333,5.6920650054287645,34.0,23.0,27.0,-0.9973552958283792,-0.047853051315336,-0.054703741763229154,7.085481143541019,0.044182746783723206,0.19843133723224143,-0.9791184245487727,5.71691390862114,-0.057708740843408254,0.978945907537305,0.19579226579778897,4.890802906478539,34.16989738608527,26.7446946437139,23.33396763412503,9.92693825595907,2.8745430256750484,8780.0,21324.060668274262, 0.0, 0.0,0.0,NaN, 143.15904414237005,143.15904414237005,0.0, 50.08230627435514, 1.3312761323363784, 1.0549402374416852, 1.3312761323363784, 24.3251904436982, -1.6337683101478346, 1.0549402374416852, -1.6337683101478346, 32.399604026026765, 3.1139956502952444, 1.971406362521235, 1.0, 0.0
631, 0 ,1.0,1.0,1.0,215.60019701660568,15.876160990712075,210.0699408950183,5.111081867464186,5.814481345016395,5.651705323309276,25.0,27.0,26.0,-0.34775063541498574,0.661602973940228,-0.6643425324649322,5.937226470125614,-0.3057570778106878,-0.7498537795407574,-0.5867128076641159,5.717105245800637,0.8863306972779078,9.023202794774831E-4,-0.463051920286452,4.892563099221702,28.42989434815152,29.68305966614082,24.21024314984797,9.208674480164676,2.659593680875057,7106.0,20430.691309081754, 0.0, 0.0,0.0,NaN, 124.34948637635897,124.34948637635897,0.0, 26.123157855921193, -0.5972173691791454, 4.183042792393339, -0.5972173691791454, 33.80819331154367, -1.1239026192490609, 4.183042792393339, -1.1239026192490609, 31.941773061522408, 3.2219651576929484, 1.9267397138026627, 5.0, 0.0
632, 0 ,1.0,1.0,1.0,74.40602880156212,153.0558945569929,230.83634366609715,5.553390340460261,5.592046029915619,5.993116391986533,25.0,27.0,28.0,0.5726862432307517,0.41645902025635256,0.7061107216728603,6.373519575591011,-0.30049565921714344,-0.6947487038607396,0.6534727211410413,5.684136833002476,-0.7627141178750417,0.5864180445134185,0.2727288973745826,5.009730915465704,31.70925160228225,24.441107663861587,22.68279403796953,9.54437050443442,2.6331651744987896,8194.0,17579.37479496202, 0.0, 0.0,0.0,NaN, 178.64052900710604,178.64052900710604,0.0, 30.84014427351734, 5.208205859029112, 4.861543156321068, 5.208205859029112, 31.270978800695033, 1.290939053078776, 4.861543156321068, 1.290939053078776, 35.91744408789768, 3.4773557653529252, 2.0738389111542297, 2.0, 0.0
633, 0 ,1.0,1.0,1.0,286.8131222457973,128.70850334584625,292.5237473478048,7.110646256585693,5.80226633253884,3.7359015159989313,27.0,25.0,16.0,-0.9863890336254176,0.151327410359926,-0.06431709894945288,7.154036828600822,-0.14114170101151222,-0.9799037455225174,-0.1409527216712002,5.796988286403383,-0.08435457651539734,-0.1299563941662761,0.9879249166997497,3.660495701346748,29.43964506734187,25.62540439077287,16.70279530878716,9.409316279401738,3.1063341854087683,6127.0,12600.635715327107, 0.0, 0.0,0.0,NaN, 129.59809771810487,129.59809771810487,0.0, 50.561290186296134, -2.844910016158967, 2.798872321403062, -2.844910016158967, 33.66629459371373, 2.42311290406062, 2.798872321403062, 2.42311290406062, 13.956960137243113, 3.2155630416634304, 2.087098065308003, 0.0, 0.0
634, 0 ,1.0,1.0,1.0,40.64939197636095,246.54290260256846,45.942152517331515,6.258017920993466,5.14476811592586,6.254113824034779,29.0,23.0,26.0,0.6971148784626107,-0.25886390825375655,0.6685957846334738,6.5507548274368474,0.6865319859927783,-0.027772551952522456,-0.7265690039953923,6.046048993990997,-0.20665110315425733,-0.9655144547657663,-0.15835769385632453,5.027749968244136,31.735333071593328,26.892199447630205,22.73019895047949,9.855028122736146,2.7611207308235657,8799.0,19398.69975559147, 0.0, 0.0,0.0,NaN, 81.36778052848726,81.36778052848726,0.0, 39.16278829947538, -3.3972207604359865, 2.5942198563436447, -3.3972207604359865, 26.468638966647323, -2.8244871661885025, 2.5942198563436447, -2.8244871661885025, 39.11393972398293, 3.258100883017644, 2.03148492486414, 0.0, 0.0
635, 0 ,1.0,1.0,1.0,67.55810780077326,34.600523083920855,130.38867409597452,6.271334357810265,5.965384545923122,5.391680599629221,30.0,29.0,25.0,0.8599693352400436,0.4965740008981183,-0.11775824420750142,6.4394023490159595,0.48864458774397834,-0.8677526985398459,-0.09072883249184244,5.802067680009757,0.14723861353366297,-0.020482085070885725,0.9888889092693043,5.371757172535068,29.884609527503613,28.0273894597116,25.77337511153914,9.824140869794059,2.7334818944069923,8794.0,21587.459147869744, 0.0, 0.0,0.0,NaN, 150.87246421997654,150.87246421997654,0.0, 39.3296346274515, 3.3462170461810894, -1.4901765366207442, 3.3462170461810894, 35.58581278073841, -0.358834193864171, -1.4901765366207442, -0.358834193864171, 29.07021968841812, 3.3737748229275897, 2.0794159288764815, 0.0, 0.0
636, 0 ,1.0,1.0,1.0,252.2102732240437,35.59617486338798,139.40262295081968,4.952379064176511,7.12372213539513,6.193657403120804,21.0,30.0,27.0,-0.029281418651004257,0.9951944482457263,-0.09343772633507644,7.13396692980068,-0.16691397686789522,0.08729715364541037,0.9820992471698334,6.216393413833174,0.9855365659618767,0.04435332170529761,0.16355567861061282,4.908954700728789,30.74414888092536,28.391135071246993,22.744862174863783,10.226454500362953,3.0090689318877453,9150.0,19853.10959163905, 0.0, 0.0,0.0,NaN, 151.6048710820132,151.6048710820132,0.0, 24.526058395293816, -0.9927913046074869, -2.3111089133745635, -0.9927913046074869, 50.74741706231854, -1.2446238466362067, -2.3111089133745635, -1.2446238466362067, 38.361392027233144, 2.948221246320042, 1.9302171330084672, 4.0, 0.0
638, 0 ,1.0,1.0,1.0,176.40671785028792,61.338195777351245,4.421113243761996,7.159026688303992,5.578683363407268,3.1130977574506833,32.0,25.0,12.0,-0.9981513723727107,0.06069292239961806,0.0031948397562190476,7.164286232020583,0.06059550950417016,0.9978544349943379,-0.02479336181441745,5.573144796307942,-0.0046927666044675,-0.024553935177981667,-0.9996874922738965,3.1109176629278283,32.129312362638046,25.274131784193706,12.34469776638297,9.090170289197607,3.071408952555294,5210.0,10024.394235338334, 0.0, -7.105427357601002E-15,0.0,86.52041321416588, 138.0478898646161,138.0478898646161,0.0, 51.25166312384883, -1.2302565935138792, -0.16494030010204763, -1.2302565935138792, 31.12170806915702, -0.5209215999056922, -0.16494030010204763, -0.5209215999056922, 9.691377647444474, 3.43018520530492, 2.1933665492488577, 2.0, 0.0
639, 0 ,1.0,1.0,1.0,77.81096943938473,115.95810564663023,4.185994737907306,6.108567867156003,6.584901250790773,2.809763776986543,25.0,27.0,10.0,-0.3917934099789357,0.9200521295811492,0.0014151855957010412,6.685743703422352,0.9196985048802638,0.3916846041039456,-0.027163045281094242,5.999765074375136,-0.025545724066565703,-0.009340758059597812,-0.9996300146658197,2.806055690331023,28.622876288857107,26.48994694339413,10.542666552504986,8.945267616103251,2.9244633061601935,4941.0,7993.644548063396, 0.0, -1.4210854715202004E-14,0.0,23.066295887780914, 139.70809490576312,139.70809490576312,0.0, 37.31460138765084, -3.143519394059382, -0.722987434688238, -3.143519394059382, 43.360924482665894, -0.2512647418039244, -0.722987434688238, -0.2512647418039244, 7.894772482465683, 4.079735534975486, 2.1455870554480505, 0.0, 0.0
640, 0 ,1.0,1.0,1.0,207.79434651421312,139.75909163093536,5.491186279180562,7.88528075909911,5.003913697836848,3.777304088540613,33.0,21.0,15.0,-0.9997004754371955,0.016699520178024306,-0.017890931682521906,7.8868237820812945,-0.019951203149308202,-0.9794753422059568,0.20057418453883535,5.049935061520877,-0.014174233790224493,0.20087105325642987,0.9795151408018729,3.712276609756138,33.09746127952258,21.39123012762977,15.954650366727574,9.54107771351402,3.233058488058838,6297.0,11295.819241687786, 0.0, 0.0,0.0,NaN, 167.52504097894695,167.52504097894695,0.0, 62.17765264981863, -0.5793197297028264, 0.8191339100426914, -0.5793197297028264, 25.039152295399237, -2.317114564790094, 0.8191339100426914, -2.317114564790094, 14.26802617730563, 3.9412720238043617, 2.230336690876442, 0.0, 0.0
641, 0 ,1.0,1.0,1.0,5.958959227467811,292.9015557939914,9.079130901287554,4.042316426599659,4.11890305619979,5.912534341109251,15.0,16.0,23.0,-0.17893505044211294,0.2030044224704308,0.9626896967251312,6.064287214986004,0.6884632076444734,0.7248442288776975,-0.024884846444740823,4.426912046930742,-0.702851804752012,0.6583236653198352,-0.2694611145169118,3.4482774129733795,25.555248908862588,21.92445577671026,17.712069455391628,7.843927673786303,2.5954855927813885,3728.0,9923.805498707345, 0.0, 0.0,0.0,NaN, 12.974117432147564,12.974117432147564,0.0, 16.340322092757436, 2.9420434647212033, -4.418694466765824, 2.9420434647212033, 16.965362386371968, 4.724259935829535, -4.418694466765824, 4.724259935829535, 34.95806233479621, 3.918986062043598, 2.405974369695545, 0.0, 0.0
642, 0 ,1.0,1.0,1.0,108.44018718923662,109.74246855805791,25.55615677098567,5.363600695870594,5.500265716290585,5.181270065444366,25.0,23.0,23.0,-0.6600255903520096,-0.7345179069692391,-0.15763776331199775,5.8038460106109,0.3632424404406783,-0.4957078415754035,0.7888781054531526,5.30947512147772,-0.657587370273473,0.4634190114164315,0.5939879378528117,4.898115993434621,26.63314280538927,23.975583027174885,22.29155609246026,8.94539600620709,2.417971289686867,6838.0,14234.164507287309, 0.0, 0.0,0.0,NaN, 156.3835053698318,156.3835053698318,NaN, 28.76821242474352, 3.9431368295182354, 2.2117531616456834, 3.9431368295182354, 30.252922949801583, -0.5196852773170905, 2.2117531616456834, -0.5196852773170905, 26.845559491069864, 4.322359546513438, 2.165882545948564, 0.0, 0.0
643, 0 ,1.0,1.0,1.0,189.66337073658482,16.538051327630264,124.7256971447617,5.357127282821179,7.369056282333505,5.258517896813168,25.0,32.0,23.0,0.03636026205730361,0.9846192851286338,0.1708882520710588,7.430542344054369,0.7906637911990467,0.07623598624811219,-0.6074856736479697,5.6093059529223375,-0.6111699441480035,0.1572034915437795,-0.7757308564293227,4.896584614542601,33.118531916870424,25.5023404572936,22.100856225249885,10.081709134586662,3.002158325812138,9001.0,18666.384856125464, 0.0, 0.0,0.0,NaN, 167.34449028030315,167.34449028030315,0.0, 28.698812724347025, 1.5696362096122498, -3.402415026260563, 1.5696362096122498, 54.302990492198894, 4.909059963106282, -3.402415026260563, 4.909059963106282, 27.652010471104383, 3.061260119181529, 1.9195341914318413, 1.0, 0.0
644, 0 ,1.0,1.0,1.0,252.5123716546036,5.025248274701228,174.67194075071538,6.9621858463799375,3.3461122798145344,6.235700524992503,29.0,12.0,25.0,-0.8379844124037874,0.05536166474361133,0.542878633439459,7.435889332318749,0.5456714808787885,0.0940829265763512,0.832701049526406,5.691237447584884,0.004975894274220061,-0.9940238875417653,0.1090493075288738,3.2969419677583423,32.69250031577687,28.60714358936235,13.554074474885853,9.413758874729615,3.1517620523288046,5941.0,12676.299746753795, 0.0, 0.0,-2.8421709430404007E-14,57.12018426139616, 134.11730090217696,134.11730090217696,0.0, 48.47203175953313, -0.9560437212911194, -10.430464171886412, -0.9560437212911194, 11.19646738912562, 3.0210753892261817, -10.430464171886412, 3.0210753892261817, 38.88396103739178, 3.6787810899847746, 2.161868810046271, 4.0, 0.0
645, 0 ,1.0,1.0,1.0,192.14144043634562,18.166604685756788,193.0606173298624,5.634959856764413,5.651900528474906,5.949243582996845,26.0,27.0,25.0,0.612344943721578,0.25087596100097526,0.7497298994240895,6.471596090364242,0.00681310143807495,0.9466063430031603,-0.3223197372718243,5.615403352746958,-0.7905613521716153,0.20247884723600296,0.5779403644620845,5.067143239547406,29.834057560659858,27.20394901913291,24.287065559426438,9.582427141986516,2.6958007065575273,8067.0,19711.483950164555, 0.0, 0.0,0.0,NaN, 152.96903596095868,152.96903596095868,0.0, 31.752772587346406, 2.527321687560616, 7.427028093049107, 2.527321687560616, 31.943979583774926, 1.2611293304406785, 7.427028093049107, 1.2611293304406785, 35.39349920982914, 3.0448034232997445, 1.867131330946848, 2.0, 0.0
646, 0 ,1.0,1.0,1.0,287.2402649006622,125.04066225165563,202.19006622516557,5.898233650401476,5.48189695848161,5.191437869023554,25.0,26.0,23.0,-0.905520310348124,0.4219055600616305,-0.04504071420524959,6.013724242666387,-0.378861377619247,-0.8517684519031449,-0.36187644423334053,5.385876916613075,-0.19104194328859625,-0.3106222830570944,0.9311373546222463,5.1593441616479785,28.573057837751577,23.545209317218053,23.13699563500714,9.248635370203507,2.5008249429119096,7550.0,15565.613430723013, 0.0, 0.0,0.0,NaN, 159.26318218965545,159.26318218965545,0.0, 34.78916019472832, -2.8761273277487853, 0.716850313582741, -2.8761273277487853, 30.051194263409933, 0.5549204859436168, 0.716850313582741, 0.5549204859436168, 26.95102714793182, 3.6286175685213102, 2.018915326519328, 1.0, 0.0
647, 0 ,1.0,1.0,1.0,100.38264988159042,257.4689019070173,286.6043873862645,5.834234997082835,5.390774534724325,5.818115725262678,26.0,22.0,24.0,-0.6942023081993624,-0.08417475150993627,0.7148410777920629,6.212715585512276,-0.564136048787927,0.680428586807626,-0.4677258349855429,5.647496765605746,-0.4470275984194082,-0.7279639753883552,-0.5198411072512052,5.143652789018012,27.802725648076176,26.597370721563465,24.90264910863334,9.493264215664917,2.612882165261608,8023.0,18414.996049447607, 0.0, 0.0,0.0,NaN, 109.84085369088385,109.84085369088385,0.0, 34.038298001186156, -1.3776054910311921, -4.590112087228226, -1.3776054910311921, 29.060450084232258, -2.460888115060069, -4.590112087228226, -2.460888115060069, 33.85047059254886, 3.2937351229310288, 2.0613457305077767, 4.0, 0.0
648, 0 ,1.0,1.0,1.0,119.35304462519235,260.5675972741262,293.56386018905255,5.825199959526176,6.083078090074664,3.179633287409208,25.0,25.0,13.0,-0.6271648630300931,-0.7787336911072529,-0.015429611625660977,6.535971077772884,0.7787621879230263,-0.626587722186407,-0.030286648322186627,5.314348459025997,0.013917228236459855,-0.03101071975502709,0.9994221560574339,3.17579029335617,31.24833545880159,25.09594740867105,13.417109315470725,8.549214133647794,2.8209571350602674,4549.0,10521.78545381438, 0.0, 0.0,0.0,NaN, 125.8629712890361,125.8629712890361,NaN, 33.932954568463764, 7.07813558534915, -0.11245536680992577, 7.07813558534915, 37.00383904994642, 0.7366702554113933, -0.11245536680992577, 0.7366702554113933, 10.110067842400687, 3.157399250016314, 2.055589920403729, 0.0, 0.0
649, 0 ,1.0,1.0,1.0,95.29612449498728,210.14469549603473,245.9847373933862,4.524543103170395,6.7983621912571985,4.781480233851556,20.0,30.0,21.0,-0.0640921967833542,-0.9941443990455394,0.0870005986063709,6.820020575575331,-0.2513218931245829,-0.06829044261489073,-0.965491440399001,4.7794219370818345,-0.9657792171856668,0.08374562253542185,0.2454733679208297,4.494020171154701,30.56152055517748,21.503435403486378,20.54871468300292,9.079910406822954,2.6658955356021883,6683.0,13504.156705865244, 0.0, 2.8421709430404007E-14,0.0,6.20348184874015, 141.67912932300894,141.67912932300894,0.0, 20.471490292446788, 1.722227684175879, 0.49546681108613755, 1.722227684175879, 46.21772848351537, -2.1016371478983884, 0.49546681108613755, -2.1016371478983884, 22.86255322671313, 4.333627958881379, 1.9983797213789136, 2.0, 0.0
651, 0 ,1.0,1.0,1.0,201.5887178192832,60.064235234729935,96.96655729429581,6.553883283174971,4.954924333134487,5.599070306686232,28.0,22.0,24.0,-0.9303717934721383,-0.08029779415130414,0.3577157952423567,6.724699040875144,0.3199509723862986,0.2985478398672777,0.8991665933405469,5.4534502358142545,0.17899637197579962,-0.9510107526022075,0.2520691318953673,4.888000907419556,29.12463852639428,24.72613247778196,23.257797330836254,9.564531334916923,2.715509138113231,7924.0,16748.862508038696, 0.0, -7.105427357601002E-15,0.0,85.39431684771465, 150.64861781076382,150.64861781076382,0.0, 42.95338608948035, 2.151986702421106, -5.416202647386411, 2.151986702421106, 24.55127514708824, 0.9570951965173445, -5.416202647386411, 0.9570951965173445, 31.349588299215462, 3.2509665603381346, 1.9625250876898908, 2.0, 0.0
652, 0 ,1.0,1.0,1.0,18.90353227771011,209.6721071863581,190.71059683313032,6.689763459784053,5.190585881773125,5.458941843490834,31.0,23.0,24.0,-0.9784606011754654,0.02474712535243666,0.2049449480571244,6.7366457451917565,-0.17279270769185537,-0.6413819064845379,-0.7475104883563685,5.86719601426079,0.1129492457516369,-0.7668225543246957,0.6318430485991643,4.657121216864731,31.357003376725043,26.572072677900167,21.34086204108671,9.690483715102655,2.754938903472514,8210.0,17781.645291519173, 0.0, 0.0,0.0,NaN, 143.0407123769236,143.0407123769236,0.0, 44.7529351478619, 0.837674651838678, -3.1063589900317834, 0.837674651838678, 26.942181796062492, 6.225935039559913, -3.1063589900317834, 6.225935039559913, 29.800046050615105, 3.373330110518418, 1.9598522555506186, 3.0, 0.0
653, 0 ,1.0,1.0,1.0,133.48595017381228,61.3832560834299,200.60805330243338,5.394605868357963,5.556982605545723,5.29521571044116,24.0,23.0,24.0,0.3417843438697425,0.6798967206207156,-0.6487864915168365,6.045881886726591,-0.8359806146496608,0.5353403545556367,0.12061142862192174,5.461029385250053,-0.4293249051889547,-0.5011498319599061,-0.7513514302315879,4.65248405032726,27.94814555246755,25.113328520115083,22.077721685425615,9.041052374784483,2.506094477422115,6904.0,15495.71173134011, 0.0, 0.0,0.0,NaN, 177.38422164764643,177.38422164764643,0.0, 29.101772474922168, -0.1955133487698718, -4.130072252268824, -0.1955133487698718, 30.880055678337733, -6.04764035895695, -4.130072252268824, -6.04764035895695, 28.03930942010288, 3.4497038651201635, 2.08550821864793, 0.0, 0.0
654, 0 ,1.0,1.0,1.0,128.95074758135445,268.33841493208246,12.923776018762826,7.673547807269743,5.714972244749106,5.8552404761364905,33.0,27.0,25.0,-0.9528749826044661,0.28993103462451236,0.089270726938333,7.8789620251086845,-0.0873143403332477,-0.5439318084946347,0.8345743787583741,6.105885746474217,0.29052620105372334,0.787450432007829,0.5436141495877157,5.144725590349042,35.19804787046394,28.188762217620507,26.28380366521384,10.719789377427091,3.303664699344399,10233.0,26078.511439426526, 0.0, 0.0,1.7763568394002505E-15,84.87834605478912, 133.40830280528388,133.40830280528388,0.0, 58.883335950454274, -9.324287977546172, -3.817103184456508, -9.324287977546172, 32.660907758252634, -3.987201832598045, -3.817103184456508, -3.987201832598045, 34.28384103338708, 3.2210758693649497, 2.028949034528674, 3.0, 0.0
655, 0 ,1.0,1.0,1.0,203.89147802929426,17.606790945406125,30.429161118508656,5.327847532860325,6.2133811794113765,5.437917545564951,25.0,26.0,26.0,0.4971473560585764,-0.8665699202927121,0.04360137162808103,6.609392590025003,0.0905387664847522,0.0018335325398330382,-0.9958912440230837,5.4390951991848375,-0.8629294514196317,-0.4990523132922119,-0.07936970751051746,4.826508598517103,30.072151688685523,26.07975047518918,22.93914511742608,9.442475677402795,2.7207839546882076,7510.0,17990.579967643178, 0.0, 0.0,0.0,NaN, 102.33660600765018,102.33660600765018,0.0, 28.38595933340585, -8.78275171497925, -0.12506440591417425, -8.78275171497925, 38.60610568066351, -0.7818491633880112, -0.12506440591417425, -0.7818491633880112, 29.570947232363142, 3.091230081238061, 1.9128170788299799, 1.0, 0.0
656, 0 ,1.0,1.0,1.0,168.18747128197273,134.62291315668557,26.06157145045183,5.289976059221095,5.3302285049908305,5.328843828377631,24.0,24.0,25.0,-0.7131585931600788,0.6667687178408317,0.21638922780681563,5.903486402385055,-0.1068781002226205,-0.40849788309506063,0.9064803093281495,5.409612930112423,0.6928072550823497,0.6233369525511437,0.36258674946764463,4.547163446919712,27.223345446202323,24.330786379753157,21.587463105693587,8.874806804052914,2.4555169232819147,6529.0,14298.78869098099, 0.0, 0.0,0.0,NaN, 190.20272600649096,190.20272600649096,0.0, 27.983846707132347, -6.365208409217827, -3.019354182164651, -6.365208409217827, 28.411335915416785, -1.1346930753542086, -3.019354182164651, -1.1346930753542086, 28.396576547238368, 3.2044287133653233, 1.9029742252033728, 0.0, 0.0
657, 0 ,1.0,1.0,1.0,122.81336971350613,120.2556616643929,65.4862210095498,6.308407194578999,5.361360546421151,4.859514911339162,27.0,24.0,22.0,-0.9946213133834306,0.09394182663960086,0.04362769958449028,6.320417241365302,-0.07016743115556572,-0.9209363747326743,0.3833441342961553,5.4475138348804615,0.07619038370062398,0.37822100272440584,0.9225746032325501,4.746787579901092,27.54930951994369,24.701801258672475,21.26790259728429,9.24844834229997,2.573184150945101,7330.0,14473.18136420027, -1.4210854715202004E-14, 0.0,0.0,5.9452566080659945, 183.93747058399734,183.93747058399734,0.0, 39.79600133261608, -1.165655503834997, -0.94786489207857, -1.165655503834997, 28.744186908721304, -2.4505017969844873, -0.94786489207857, -2.4505017969844873, 23.614885173527668, 3.565345731999669, 2.098867858776948, 1.0, 0.0
658, 0 ,1.0,1.0,1.0,60.24785939612438,117.62205197536427,79.55475439387111,5.411711411285516,5.382794386268094,5.236803296021245,24.0,25.0,23.0,0.63085009346023,0.5678748366965667,0.5287214100337398,6.152248366954192,-0.4421473537091736,0.8230668306259744,-0.3564641776269924,4.974943661287992,-0.6376000918986713,-0.008897312524588868,0.7703161433078278,4.804683149117747,27.780423553137922,21.990568712215982,21.012007641835446,8.922475346265276,2.4646781251077052,6657.0,12836.389129203753, 0.0, 0.0,0.0,NaN, 154.25210085888497,154.25210085888497,0.0, 29.286620399037872, 4.683583331928637, 5.187269828768623, 4.683583331928637, 28.9744754048393, 3.944684100192243, 5.187269828768623, 3.944684100192243, 27.424108761218974, 3.198344271646277, 1.9209106906714808, 0.0, 0.0
659, 0 ,1.0,1.0,1.0,268.65114674943953,120.65511295050871,95.42334885325056,5.297451125265424,5.2042308703321964,4.72009566436434,22.0,23.0,18.0,-0.741555825217715,-0.6486503503289396,0.17131164906047008,5.333583377031548,0.6583347912385853,-0.6543819665660117,0.37199401134701937,5.276583594759236,-0.12919079197265482,0.3886347447814493,0.9122898521950882,4.597484571460357,25.246118355530257,25.173149831801084,20.561179169475338,8.488785331311318,2.316642841691187,5799.0,13067.129410801637, 0.0, 0.0,0.0,NaN, 156.99051687154338,156.99051687154338,0.0, 28.06298842457591, 0.6275725985306384, 0.7134738282679584, 0.6275725985306384, 27.084018951718612, -2.4446115353507185, 0.7134738282679584, -2.4446115353507185, 22.279303080751042, 3.2648535165566375, 1.8843000892865727, 1.0, 0.0
660, 0 ,1.0,1.0,1.0,270.39003408537576,4.704431098847589,99.55656549261484,6.032613684605567,3.2945723473549373,7.924601444541625,25.0,12.0,35.0,0.04556197848953912,0.07844822007621578,0.9958764897732011,7.947254109350394,0.9931148436141096,0.10414285819783815,-0.05363928112593915,6.053503150854253,-0.10792133018750873,0.9914636361729358,-0.07316313714774728,3.200342887643178,35.38460417791174,26.200542471248866,13.71570180956424,9.877459710130607,3.5329495537335367,6161.0,12715.769878991921, 0.0, 0.0,0.0,NaN, 103.97303249455756,103.97303249455756,0.0, 36.39242786769036, 2.919859125055872, 0.9945744394167471, 2.919859125055872, 10.85420695195582, 3.9866102519155384, 0.9945744394167471, 3.9866102519155384, 62.7993080548312, 3.9048044440605447, 2.2115650305821966, 1.0, 0.0
661, 0 ,1.0,1.0,1.0,226.92304939155332,193.70341207349082,94.88618468146028,5.691854210141336,6.090002235365672,5.537290560886249,26.0,30.0,26.0,-0.3491861780473806,0.8845203346311226,0.3093425135423689,6.275834516710013,0.8273122418439132,0.1359877005859065,0.5450337602245903,5.679103129654218,0.44002666686902203,0.4462411040159858,-0.7792595264292461,5.339345193332737,30.3441414159318,28.84909232690015,25.32792157117305,9.645889428809095,2.6652833731395056,8382.0,22172.08628298036, 0.0, 0.0,0.0,NaN, 160.13304892635887,160.13304892635887,0.0, 32.397204349503646, -2.9384752102837646, 0.513074340198264, -2.9384752102837646, 37.088127226758886, 3.2537646287413815, 0.513074340198264, 3.2537646287413815, 30.661586755679952, 2.9095942414523708, 1.897856738144166, 6.0, 0.0
662, 0 ,1.0,1.0,1.0,258.6011506764111,103.65028766910278,100.97154408334629,5.640060845863868,4.6143532360723345,5.484740746416224,26.0,20.0,25.0,0.7970173986358016,-0.09170384536355082,0.5969536590199921,5.832441682752454,0.6024390703797056,0.05069645861961808,-0.7965532220532814,5.291590131884453,-0.04278355702667547,-0.9944949843156411,-0.09565193892011745,4.600719626442269,25.524918614813345,23.464512037339773,20.645030372807028,8.796235569465,2.410635392209384,6431.0,12364.92308822381, 0.0, 0.0,0.0,NaN, 150.5074734814857,150.5074734814857,1.9073486328125E-6, 31.810286345046652, -0.7305259102396762, 2.8345530358860547, -0.7305259102396762, 21.29225578725123, -0.9794740097269805, 2.8345530358860547, -0.9794740097269805, 30.082381055398397, 3.4303170753533725, 1.9297779973803078, 0.0, 0.0
663, 0 ,1.0,1.0,1.0,197.91882819652122,194.62099481232835,147.09307293256026,5.905894303080252,4.850850686460495,5.246636388682533,27.0,22.0,24.0,-0.8554669808321648,0.10088430335384696,0.5079356278532836,6.20090723461041,0.4388907030907676,0.6618475443271752,0.6077275531095985,5.189086917161911,-0.27486577714657795,0.7428190798605654,-0.610465903346543,4.534276097728623,27.410300808896082,24.101404016168544,19.30335884791397,8.924222787763899,2.5091394801592095,6554.0,12752.314910925785, 0.0, 0.0,0.0,NaN, 207.75387475534163,207.75387475534163,NaN, 34.87958751915578, 0.3053660726516149, -6.0760581629353, 0.3053660726516149, 23.530752382334256, 3.4777530003783603, -6.0760581629353, 3.4777530003783603, 27.527193395047693, 3.2658753976303156, 1.8888790042241173, 1.0, 0.0
664, 0 ,1.0,1.0,1.0,251.14206128133705,10.26016713091922,153.18560817084494,7.581575221871713,6.096431911529626,5.632179472845599,32.0,24.0,24.0,-0.9617551751330757,0.1934927568148808,0.19387505297207291,7.75297590202209,-0.04586681632103387,-0.8115757156752366,0.5824440684622003,6.454571725687183,0.2700429933646107,0.5512761656251839,0.789412041299267,4.959645048971103,34.64907910981361,29.733083630096523,23.6337356155,10.778142903358154,3.1937197851331303,10770.0,24348.040857944354, 0.0, 0.0,0.0,NaN, 155.0704190152193,155.0704190152193,0.0, 57.480282844899115, -5.973078524633823, -7.077156963917628, -5.973078524633823, 37.16648205191677, -6.733711615107451, -7.077156963917628, -6.733711615107451, 31.721445614343327, 3.7011321274323272, 2.200971469128523, 1.0, 0.0
665, 0 ,1.0,1.0,1.0,255.5082518827111,161.45537574106714,161.15991027078994,5.639973173050437,5.369622970772137,4.618924892295971,25.0,23.0,21.0,-0.9472915129782802,-0.3054158375530932,-0.09674686357222508,5.690942699281714,0.2765313559867846,-0.9319682427157485,0.2344474434184125,5.3670025182986585,-0.1617689667254828,0.19533653201862194,0.9673026623883073,4.559064658864994,25.54944171270978,26.40059948919044,21.485375102266175,8.72619577824325,2.4145646898388877,6241.0,14492.327628867717, 0.0, 0.0,0.0,NaN, 201.1235915490678,201.1235915490678,2.6973983046972182E-6, 31.80929739272862, 1.2897849942853779, 1.5832021504653602, 1.2897849942853779, 28.832850848243794, -1.4094640265317895, 1.5832021504653602, -1.4094640265317895, 21.33446716067135, 3.9103046958548884, 2.0483098888672346, 1.0, 0.0
666, 0 ,1.0,1.0,1.0,125.66421226355212,272.15716643392153,175.36727180398628,5.880996235696115,4.949990195904038,6.256589596342076,28.0,22.0,27.0,0.379646803393678,0.3438535101467005,0.858855673691893,6.4961907243012735,-0.8974678176852035,-0.08843941444010806,0.4321226517932716,5.831808463075184,-0.22454358350289236,0.9348493106021337,-0.2750217183685606,4.692861511314887,29.32095920815084,28.25247129258598,21.685550137506283,9.531723139734165,2.7165579375987403,7877.0,17964.08329988759, 0.0, 0.0,0.0,NaN, 179.16482512588473,179.16482512588473,0.0, 34.58611672427187, 3.5854646715402323, 1.9303585021637437, 3.5854646715402323, 24.5024029395461, 5.500738543438508, 1.9303585021637437, 5.500738543438508, 39.14491337705591, 3.2142442496798735, 1.8893004425625521, 1.0, 0.0
667, 0 ,1.0,1.0,1.0,283.12008445500135,82.68725257323833,197.64489311163896,6.613253197963809,5.023996108287795,5.334488782243507,30.0,23.0,24.0,-0.9260640354381864,0.2836890347907443,0.24884921902115176,6.793028898893869,0.36069550010672163,0.47158643334207173,0.80467694889966,5.474318531444424,-0.11092411131356067,-0.8349411760281075,0.5390445937973009,4.617252464337225,31.290015346157787,26.108580443115216,22.295244862207838,9.47202830023843,2.7772477750166518,7578.0,18213.83013271176, 0.0, 0.0,0.0,NaN, 132.6600210803715,132.6600210803715,0.0, 43.73511786037855, -5.050989686150288, -3.2108541477423413, -5.050989686150288, 25.24053689609091, 5.034758072655578, -3.2108541477423413, 5.034758072655578, 28.456770567881815, 3.107761657448015, 1.9337949267197159, 1.0, 0.0
668, 0 ,1.0,1.0,1.0,126.45074017355793,239.61698145312235,268.5633826782372,5.113198602205113,5.399204392687268,4.849261567419568,21.0,24.0,21.0,0.6004313697413997,-0.7702740582900987,0.21484888958467668,5.933167295844436,0.3957739078951503,0.05278012285274998,-0.9168300128491923,4.827673771487872,-0.6948706239724545,-0.6355250850729263,-0.33654521565932505,4.505844822502035,25.872669542026408,22.109685919451238,20.106197020663615,8.556590494365587,2.365651047933892,5877.0,11501.480531801197, -1.4210854715202004E-14, 0.0,0.0,53.09920152111452, 143.61113998540708,143.61113998540708,0.0, 26.14479994559232, -6.828379082749897, 0.8321591433298802, -6.828379082749897, 29.15140807401349, -2.6111665120449294, 0.8321591433298802, -2.6111665120449294, 23.51533774925248, 3.801975254731984, 1.992616585751494, 0.0, 0.0
669, 0 ,1.0,1.0,1.0,100.67124764214498,119.28334680679062,289.8717326866074,6.300434816735196,5.577739005650972,5.421245887077512,27.0,24.0,22.0,-0.7642922273747383,-0.5724520241723081,0.2969108808979358,6.847782649643004,-0.5647732372876582,0.3719561155912659,-0.7366680653577129,5.669826710491213,0.311269307221544,-0.7307169958987433,-0.6075887509545715,4.5997278310235705,31.337648972365272,27.84676204361108,21.522754357451788,9.57215656455125,2.9275206176837245,7422.0,18781.875796469263, 0.0, 1.4210854715202004E-14,0.0,55.07860953564635, 156.41546830805032,156.41546830805032,2.6973983046972182E-6, 39.69547887992906, 8.950871221849802, -1.2677138567337858, 8.950871221849802, 31.111172415160294, -7.385240344911732, -1.2677138567337858, -7.385240344911732, 29.389906968154833, 2.913589366693858, 1.8590457275210828, 1.0, 0.0
671, 0 ,1.0,1.0,1.0,279.99552219149217,247.79217700513632,87.83379428420913,4.282157072004807,6.144384787466548,6.7116117810416105,17.0,27.0,30.0,-0.02817045458657046,-0.5592722509804747,0.828505265385573,7.160839898099359,0.10734778123897284,-0.8257335969415367,-0.5537512805809676,5.63062995027846,-0.9938223580456699,-0.07333877668208637,-0.08329792604452696,4.260803283654763,31.58723119550318,24.414812027699753,18.17795115667667,9.630267598452903,2.897242186524186,7593.0,14018.768893812085, 0.0, 0.0,0.0,NaN, 104.11825648086347,104.11825648086347,0.0, 18.336869189320783, -0.6791868802614789, -1.5785132351293178, -0.6791868802614789, 37.75346441645033, -9.152413093575381, -1.5785132351293178, -9.152413093575381, 45.04573269941654, 3.643038308908546, 1.9804674761621426, 0.0, 0.0
672, 0 ,1.0,1.0,1.0,266.1218130311615,176.6355607398767,8.051324779203465,5.67059372319225,5.036179243512858,4.817277685645448,23.0,19.0,18.0,0.8606351260130394,-0.5050300683105438,0.06520590444711746,5.977559756007463,0.1878864162650434,0.19591715056754241,-0.9624526817961357,4.8227552874579525,-0.4732925886337105,-0.8405718887850943,-0.2635014712077708,4.66204994048444,26.33042325087004,20.02683470876356,22.4481671213847,8.6513879199655,2.4245382870125987,6001.0,11837.256014618917, 0.0, 2.8421709430404007E-14,0.0,59.666651615131315, 128.1847894914231,128.1847894914231,0.0, 32.15563317350735, -6.027427912156277, 0.5098286262959931, -6.027427912156277, 25.363101372789735, -0.7483340623032859, 0.5098286262959931, -0.7483340623032859, 23.20616430061756, 3.80427970143879, 1.9268548263190843, 0.0, 0.0
673, 0 ,1.0,1.0,1.0,116.75499207606973,260.28732171156895,4.178288431061807,7.751030990669721,7.195196559099434,3.0421868832300003,37.0,34.0,12.0,-0.7944104515275416,0.6062264988024288,0.037436167719951646,8.493653614821538,-0.6013117997329871,-0.793668365600233,0.09227483377026591,6.329386344977587,0.08565135145275464,0.05079328297327569,0.9950295917203235,2.9834464537403247,35.0823191478749,28.512656735447138,13.41236328983451,10.33509073752082,3.780229546218841,6310.0,13416.254529560136, 0.0, 0.0,0.0,NaN, 123.39482600877831,123.39482600877831,0.0, 60.07848141832243, -15.585546851650463, -3.609725211660636, -15.585546851650463, 51.77085352407632, -0.8467887362147358, -3.609725211660636, -0.8467887362147358, 9.254901032496663, 3.068501764994038, 2.0068724483432403, 0.0, 0.0
674, 0 ,1.0,1.0,1.0,119.37133511024957,283.77029319118003,24.32372183183911,5.948927063477584,6.466709177430999,5.027583417149785,26.0,30.0,24.0,-0.3681826173390247,0.9044931964048243,-0.21525245166262336,6.592629717136305,0.8851182770028295,0.4118561309440081,0.21665678646046282,5.931921416572322,-0.28461763122640155,0.11075461643298064,0.9522217278207089,4.88202801392902,30.7144574899759,26.4047353166724,23.545697128874263,9.731769268893174,2.7887851666038004,8254.0,19095.72802672268, 0.0, 0.0,0.0,NaN, 122.90062031111334,122.90062031111334,0.0, 35.38973320657603, -2.397861476976839, 3.732831667726373, -2.397861476976839, 41.8183275854703, -2.808483572429507, 3.732831667726373, -2.808483572429507, 25.276595016399504, 2.9978001341747262, 1.8772258813062512, 1.0, 0.0
675, 0 ,1.0,1.0,1.0,132.54337512707556,182.75076245340563,47.43307353439512,5.172398855784811,4.524985636814622,5.674544156161349,23.0,20.0,25.0,-0.252831455856027,0.2838879516726442,0.924923718922178,5.842848240865792,0.9540077699654683,0.23230751641993244,0.18947926709885024,5.144015396123875,-0.16107585099957214,0.9302907334322492,-0.3295659592780336,4.339341696107786,25.573768178387375,22.449621991366712,18.87629055116936,8.588139016839095,2.3819161497364076,5902.0,10837.2828960116, 0.0, 0.0,0.0,NaN, 183.20760481009984,183.20760481009984,0.0, 26.75370992332402, 0.5923932246574248, -2.200587398306525, 0.5923932246574248, 20.47549501337863, 4.355650824990719, -2.200587398306525, 4.355650824990719, 32.20045138022491, 3.7381715791048094, 2.10289146356634, 0.0, 0.0
676, 0 ,1.0,1.0,1.0,293.8608406554263,54.22654951317977,61.45309902635953,3.5671278366643766,5.908827437982935,4.8139818294044865,15.0,25.0,21.0,0.13007944363530236,0.9854197580832541,0.10966876821899174,5.953027133318551,0.043754596889919936,-0.11620591611620718,0.9922609134247875,4.802292970023022,-0.990537668942747,0.12427423481451724,0.05823264519782204,3.5089191966819255,26.594300997748334,22.130802133752375,16.458012197892174,8.033481363825159,2.505242688020178,4211.0,9686.415963050697, 0.0, 7.105427357601002E-15,0.0,9.796007025911814, 82.18692918893463,82.18692918893463,0.0, 12.724401003105877, 2.909702686944519, 0.7966079386004845, 2.909702686944519, 34.91424169185997, 1.2597348679299463, 0.7966079386004845, 1.2597348679299463, 23.174421053836568, 3.090421415067461, 1.8810495370572435, 1.0, 0.0
677, 0 ,1.0,1.0,1.0,197.99380274261603,232.1595464135021,61.02940400843882,5.157343765579663,6.265497125100176,5.555797269031912,24.0,28.0,24.0,0.3157189289299254,-0.8821562153311354,-0.349459539386161,6.415893475834461,-0.4513714140655434,-0.4635875207089392,0.7624634136844937,5.734256549744789,-0.834616920796489,-0.08298808586529824,-0.5445434538442284,4.761947601983691,29.90356521070032,27.778134531639438,23.481329848952498,9.456009538471298,2.7028532782831314,7584.0,19505.124903038886, 0.0, 0.0,0.0,NaN, 136.86555291730403,136.86555291730403,0.0, 26.598194716363416, -3.01351546922013, -5.55203296566501, -3.01351546922013, 39.256454224638574, 2.0919595397928608, -5.55203296566501, 2.0919595397928608, 30.866883294582458, 2.699636372851546, 1.6923276307055162, 1.0, 0.0
678, 0 ,1.0,1.0,1.0,186.49583828775266,193.31792508917954,91.42702140309156,5.524750862935887,4.617519470814838,5.906099442826446,27.0,21.0,27.0,0.3201865160788018,0.009516463815023558,0.9473067253206727,5.952364364882015,0.9236455923265812,0.2191738463374521,-0.3143909109012633,5.516840849278888,0.21061674837723207,-0.975639411872083,-0.06138667041709752,4.567296169598631,26.91308268524992,27.47308542040497,21.26950797240559,8.973189453217385,2.491633967116453,6728.0,15726.364075550176, 0.0, 0.0,0.0,NaN, 180.61882536413324,180.61882536413324,0.0, 30.522872097510827, 1.9828183564947963, 1.638890695494442, 1.9828183564947963, 21.321486063354143, -0.5284480947105893, 1.638890695494442, -0.5284480947105893, 34.88201062855485, 4.182706309059429, 2.122558267338569, 2.0, 0.0
679, 0 ,1.0,1.0,1.0,164.40889276373147,61.53007846556233,85.60963382737576,4.217054395121354,5.853724981389989,5.033061014820633,19.0,23.0,20.0,0.21304978430182603,0.9609681011370131,0.17649390359462758,5.955478175312769,-0.07282696166817339,-0.16451955295335896,0.9836816305849212,5.001603709806046,-0.9743233667849334,0.22242667396953827,-0.034933531795696623,4.110667481260987,24.865628022133677,21.55617465585356,20.923903850782978,8.432361140685233,2.5053208778779346,4588.0,11215.376100928817, 0.0, -7.105427357601002E-15,0.0,16.060915613104697, 171.75537348680794,171.75537348680794,0.0, 17.78354777141233, 3.899209415563431, 0.11667980380188421, 3.899209415563431, 34.26609615774923, 1.8357389999612217, 0.11667980380188421, 1.8357389999612217, 25.3317031789073, 2.68659101021269, 1.6470263255352493, 3.0, 0.0
680, 0 ,1.0,1.0,1.0,185.8392961876833,5.126295210166178,91.36950146627566,5.132913773454957,3.5332359480732265,6.660568700290356,22.0,14.0,29.0,0.11274927926148888,0.02154003041480825,0.9933899672916695,6.678940548545003,-0.9908097237526587,-0.07274867985991376,0.11403385855008005,5.117585401863551,-0.07472410148803867,0.9971176744338497,-0.013139710363489956,3.5207681385462637,29.592504879101398,22.617692756058403,14.684723196920205,8.6913216825858,2.7667061447834893,5115.0,9828.693512617981, 0.0, 0.0,0.0,NaN, 146.31244306517826,146.31244306517826,0.0, 26.34680380572361, 1.0724955352407795, 2.0494096198003025, 1.0724955352407795, 12.483756264756913, 0.5748391110040703, 2.0494096198003025, 0.5748391110040703, 44.363175411287564, 3.172877595513214, 1.8841575436352271, 0.0, 0.0
681, 0 ,1.0,1.0,1.0,245.38512215207246,201.39829810595663,105.2525391161131,6.245298503332653,4.7898198572845025,5.6020873725581355,28.0,22.0,26.0,-0.9604507447378818,-0.1487106304716449,0.23541349858743005,6.2814464904657346,0.2768701986375751,-0.42010462707719154,0.8642077270047539,5.81128414501814,-0.029618575908334874,0.8952079371258159,0.4446633437423223,4.483516160784725,28.09438345135777,27.324226209276617,21.852772934021687,9.293392774132096,2.6386286848383533,7286.0,16775.440419688653, 0.0, 0.0,0.0,NaN, 154.2179544966628,154.2179544966628,0.0, 39.00375339572907, 1.1744956786557355, -1.1054933790575572, 1.1744956786557355, 22.942374265236932, -5.640250962799961, -1.1054933790575572, -5.640250962799961, 31.383382929775312, 3.630625718047486, 2.0075763803558337, 1.0, 0.0
682, 0 ,1.0,1.0,1.0,244.5009885764499,33.07787785588752,120.3259007029877,5.600966437433959,6.633860462456625,5.688011672017028,26.0,29.0,27.0,0.09885800197291668,-0.9383687952748118,0.33119646661826097,6.768767422036585,0.982547461412383,0.03934492202797017,-0.1818033640576948,5.589500948050354,0.15756770455269245,0.34338896482722187,0.9258814380453281,5.538381820327053,29.107589687767604,25.909840724837352,25.75382571467273,9.991886849101663,2.809733731932025,9104.0,19422.840327630343, 2.8421709430404007E-14, 0.0,-1.4210854715202004E-14,87.11637301917601, 136.57455345863522,136.57455345863522,0.0, 31.370825033261653, -1.3827109952441832, 0.39417474666883606, -1.3827109952441832, 44.008104635345234, -4.710134402286737, 0.39417474666883606, -4.710134402286737, 32.353476781001945, 2.7080795888073728, 1.7261215088421622, 1.0, 0.0
683, 0 ,1.0,1.0,1.0,96.40972222222223,122.41606280193237,169.34692028985506,5.349076824060315,4.581312646095382,6.13585104542288,23.0,19.0,27.0,-0.39043845130757404,-0.007536697214434237,0.9205981826701817,6.295537225108702,-0.919575903905595,0.051008804547266445,-0.389587292933005,5.161716435013574,0.04402241130096468,0.9986697652646528,0.026846363803911588,4.579586332232541,29.173583988121493,23.70442986121799,19.512664791946847,8.985166693619139,2.5527428328108748,6624.0,13493.85017165147, 0.0, 1.4210854715202004E-14,0.0,89.56817497000559, 203.3488485549849,203.3488485549849,2.6973983046972182E-6, 28.61262286969919, -0.21108007917337362, -4.675957377214174, -0.21108007917337362, 20.98842556127347, -0.2421667148008095, -4.675957377214174, -0.2421667148008095, 37.64866805161705, 3.166930928853327, 1.9015369048732593, 1.0, 0.0
685, 0 ,1.0,1.0,1.0,66.9386845039019,40.123905080426816,193.9533365185539,5.936428545200736,4.872634889587815,4.8238492757005815,26.0,21.0,21.0,-0.9749986794073293,0.20774725858155763,0.07885842824842257,5.992859282451034,-0.09124144003433257,-0.6978695104473102,0.7103894326413462,4.950736740028207,0.20261434987291888,0.6854336021380042,0.6993770101209327,4.6721643620333975,27.298549420073,22.975830367396114,21.2248211284643,8.74254162231173,2.412725109979468,6279.0,13312.35300550141, 0.0, 0.0,0.0,NaN, 131.66856146234412,131.66856146234412,0.0, 35.24118387227413, -2.682321475399851, -1.2567232744635701, -2.682321475399851, 23.742570767228457, -1.0982156094019593, -1.2567232744635701, -1.0982156094019593, 23.26952183467703, 3.0755630256330764, 1.7989557927418396, 0.0, 0.0
686, 0 ,1.0,1.0,1.0,192.84219133278822,58.70727718724448,222.9589533932952,4.741368447666092,5.946257350498807,5.252460347867691,20.0,26.0,24.0,-0.20916463823248155,0.8435772911530686,0.4945983299243205,6.4969378645384905,0.6893707805494972,-0.2315229885688598,0.6864146215580793,5.161140245274847,-0.6935546705470684,-0.484535302754088,0.5331111135095122,4.071771198598636,28.2091360595534,24.085162827701026,18.64362483666696,8.868581069930533,2.602913895401723,6115.0,12666.882073014567, 0.0, 0.0,0.0,NaN, 144.44605642022626,144.44605642022626,0.0, 22.48057475652357, -6.127796813460254, 2.1078315657448363, -6.127796813460254, 35.35797647836109, 9.095588973671106, 2.1078315657448363, 9.095588973671106, 27.58833970592239, 3.969395245354583, 1.8658043078096676, 2.0, 0.0
687, 0 ,1.0,1.0,1.0,150.84554455445544,112.68370837083708,242.2030603060306,4.655735547508987,4.87561347627535,5.4164955901312855,20.0,22.0,23.0,0.08014557096055222,0.1918983024224061,0.9781368661812138,5.441807185394502,0.010860117340916702,-0.9814033833360053,0.19164930740282476,4.852659904092921,-0.9967240065869533,0.004737162023789511,0.08073917258191192,4.65019689351816,24.112479912507695,22.36833178034432,20.504391501836224,8.349678754897482,2.2513927747734,5555.0,11059.165572610138, 0.0, 0.0,0.0,NaN, 195.66592945489802,195.66592945489802,0.0, 21.675873488338812, 0.10236215700778398, 0.6302836620295718, 0.10236215700778398, 23.771606770037806, 1.1376736197472193, 0.6302836620295718, 1.1376736197472193, 29.338424477911662, 3.432764428811069, 1.9496569347470436, 1.0, 0.0
688, 0 ,1.0,1.0,1.0,214.98381620642826,71.98098687188774,280.9918515165233,6.2000989868330665,5.605735012359871,6.229787718263007,32.0,25.0,29.0,-0.2970918285294483,0.48924559238211707,0.8199848753213083,6.667777718772437,-0.9440370028127297,-0.2793659366241558,-0.17535338826058378,6.174934959997077,-0.14328497039601823,0.8261921228072686,-0.5448632796122644,5.10751074622404,31.609288139023874,31.32664783650398,26.65354024351366,10.008638920127307,2.9159723003590594,8836.0,26392.683055153866, 0.0, 0.0,0.0,NaN, 113.00585686876208,113.00585686876208,0.0, 38.441227446528416, 0.5056904846853695, -2.482137305696826, 0.5056904846853695, 31.424265028797322, 7.960573908417361, -2.482137305696826, 7.960573908417361, 38.8102550146206, 2.789166860953614, 1.839467116689177, 1.0, 0.0
689, 0 ,1.0,1.0,1.0,291.94443381180224,164.76153110047846,12.263732057416268,4.951571540843247,11.037944135294394,7.222575504419734,20.0,48.0,28.0,-0.05159044579757488,0.9983286764936288,0.026043801429270652,11.05197766555369,0.0267852842461066,-0.024685911030057572,0.9993363569611944,7.220540474391794,-0.9983090575820013,-0.05225379878148454,0.025466960215961315,4.923154813002025,48.43866387203575,28.50242806732323,21.521916209938468,13.26533898461063,4.7487524675835955,15675.0,29713.57790035745, 0.0, 0.0,0.0,NaN, 136.03210922747388,136.03210922747388,0.0, 24.518060724088766, -5.061161493555519, 0.615228747815599, -5.061161493555519, 121.83621073387992, 1.857405450119413, 0.615228747815599, 1.857405450119413, 52.165596917043985, 5.4133930436351845, 3.47349776808638, 2.0, 0.0
690, 0 ,1.0,1.0,1.0,204.50527031621897,134.39493369602175,52.02329139748385,4.282849261099569,4.919680775176388,6.320788296188503,21.0,24.0,29.0,0.12081570885743123,0.13171885014956736,0.9838972044927011,6.370406281753612,0.0654553421129624,-0.9900574882800979,0.12450609659522487,4.891707452309297,0.9905145948859871,0.04935903580683337,-0.12823619965543387,4.241172410382612,29.817498007907602,23.56501369238346,21.39262845507605,8.709780863805321,2.576458560246065,5882.0,15031.525010750433, 0.0, 0.0,0.0,NaN, 172.88049180970077,172.88049180970077,NaN, 18.342797793301127, -0.02545782804771854, 2.734236308513772, -0.02545782804771854, 24.203258929640146, 2.195833744244314, 2.734236308513772, 2.195833744244314, 39.95236468523356, 3.0867189785800635, 1.8214192522167105, 1.0, 0.0
691, 0 ,1.0,1.0,1.0,192.36700844390833,141.35298552472858,65.23869119420989,6.158622744942623,5.4593113440081416,4.486024939596288,28.0,23.0,21.0,0.9363122939622304,0.29027957159250806,0.19762858723184784,6.293247408017217,-0.2930885793497849,0.9559588484140396,-0.01554878752921365,5.377912412851195,0.19343829204661384,0.043364160950877924,-0.9801536495443535,4.3966156717646,28.327709279462965,24.024175608723567,21.076813194669505,9.010987252365227,2.5805509027592497,6632.0,14343.822317833312, 0.0, 0.0,0.0,NaN, 189.26598800841452,189.26598800841452,0.0, 37.92863411452461, 2.823105131605947, 3.795389872330092, 2.823105131605947, 29.80408035081598, 1.020540397218731, 3.795389872330092, 1.020540397218731, 20.124419758679885, 3.0667635649262923, 1.8340693543139208, 0.0, 0.0
692, 0 ,1.0,1.0,1.0,207.3398839603219,289.7151413063822,88.99737974920457,4.825860888988395,5.349412730178679,4.687581071809797,21.0,21.0,21.0,0.4963845624999992,0.817849570526582,-0.2910746400859575,5.545826713174239,0.5412425509199403,-0.5537202087802702,-0.6328115291791143,4.976775278870151,-0.6787185478424469,0.15657589334830302,-0.7175131514033879,4.2841662051705,26.011811763977107,24.068090377093853,19.65140470834075,8.285762027265264,2.285763288265915,5343.0,12302.853029574035, -2.8421709430404007E-14, 0.0,0.0,60.238908538014094, 128.88835876470156,128.88835876470156,0.0, 23.288933319867862, 3.1125404056915063, -3.988815576371965, 3.1125404056915063, 28.616216557797713, -0.7048452221056798, -3.988815576371965, -0.7048452221056798, 21.97341630478948, 3.790192658141961, 1.9007267746493064, 1.0, 0.0
693, 0 ,1.0,1.0,1.0,199.7811504276371,267.6870702666443,102.13684387053496,4.7494211993327395,5.322534797984834,5.36952999087739,21.0,23.0,24.0,-0.5032322393346402,0.8565302095329782,0.11451337673667861,5.601100003741543,-0.04271649087558453,0.1076971779112917,-0.9932656337945152,5.366656672911428,-0.8630947889435552,-0.504734898761059,-0.017608727130142495,4.4209620706973025,25.42110461347545,24.096486057766526,20.40628776125095,8.605862054726332,2.378522445213457,5963.0,12500.061201575118, 0.0, 0.0,0.0,NaN, 146.69655112985689,146.69655112985689,0.0, 22.557001728671242, -5.140595891670144, -0.28885103956933006, -5.140595891670144, 28.329376675759455, 0.16993973879224664, -0.28885103956933006, 0.16993973879224664, 28.831852322931745, 3.0380540369501774, 1.779654386129696, 0.0, 0.0
694, 0 ,1.0,1.0,1.0,148.21222810111698,141.400548696845,111.1493239271017,5.329679027433757,4.552721587291577,4.787595326660876,24.0,21.0,22.0,-0.8286647634164525,0.3198860964761921,0.4593338602293329,5.709639821621843,0.25360438927009415,-0.5169941978820978,0.8175584462894315,4.538687433450822,-0.4989985206540178,-0.7939709595680882,-0.3472903565428079,4.342136673057257,25.013721266077702,20.984545868043696,20.323333548394174,8.177567982597076,2.2762256673552677,5103.0,10667.749915588898, 0.0, 0.0,0.0,NaN, 233.056113285874,233.056113285874,2.6973983046972182E-6, 28.405478535467243, -3.8725836250603907, -4.870217090544991, -3.8725836250603907, 20.727273851390734, 1.2819482447587776, -4.870217090544991, 1.2819482447587776, 22.92106901186506, 3.5629469223135057, 1.918787816370793, 1.0, 0.0
695, 0 ,1.0,1.0,1.0,207.54939179254112,203.64095709129796,107.46905493917926,6.248346924631896,5.128082919263808,5.28499484020146,28.0,23.0,24.0,-0.9869857430440918,-0.1374328184348813,0.08349469111714258,6.27271546019666,-0.13480283602815388,0.42401343640499656,-0.8955673068769274,5.329821060898061,-0.08767746818007907,0.8951674849798057,0.43702155027922873,5.051365398837764,28.514135843161654,23.8475342472085,23.560325538310053,9.305722381738693,2.5833650791876863,7481.0,16020.828902914285, 0.0, 0.0,0.0,NaN, 171.41113697111535,171.41113697111535,1.9073486328125E-6, 39.04183929055688, 1.7108229320632857, -0.7907787461605096, 1.7108229320632857, 26.297234426845225, -1.2563986677402155, -0.7907787461605096, -1.2563986677402155, 27.931170460956054, 3.1773824722287873, 1.8299509993265612, 2.0, 0.0
696, 0 ,1.0,1.0,1.0,235.1663928304705,39.627483196415234,142.05287528005974,4.237755517695731,6.553290972318044,5.670611082144169,19.0,28.0,23.0,-0.0024682030977505806,0.89729019070812,0.44143427781772243,6.810299611336164,-0.27834527238887685,-0.4246069093951192,0.8615293853564648,5.450526120599828,-0.960477910892401,0.12074471480322126,-0.2508044986336143,4.119661230375082,29.50507602517756,25.958537162549746,19.415783099935368,9.242526256982007,2.7632829803626446,6695.0,14870.715494350672, 0.0, 0.0,0.0,NaN, 161.0985829187434,161.0985829187434,0.0, 17.95857182776061, 1.4401768064515998, -3.0863186052257823, 1.4401768064515998, 42.94562256786518, 6.989375795141005, -3.0863186052257823, 6.989375795141005, 32.155830044936266, 3.2304457652426373, 1.8914982443628845, 1.0, 0.0
697, 0 ,1.0,1.0,1.0,205.94383806310776,183.06548918436198,159.34451280015875,4.94095130877179,5.2849802072159955,4.349622429203183,22.0,25.0,20.0,-0.5603376356334768,0.8124969494491951,0.16084290854258293,5.59008134382541,0.7978426438952707,0.5816287110778053,-0.1586037768534404,4.636758881802531,-0.22241593844616891,0.03945566607882303,-0.9741531710872715,4.302869803327346,24.655003523486045,20.437052098635746,20.42650089963567,8.135289321509365,2.2539517648524776,5039.0,10292.415223110504, 0.0, 0.0,0.0,NaN, 205.6798665339322,205.6798665339322,0.0, 24.41299983565366, -4.412475999370012, -1.5254024365062622, -4.412475999370012, 27.931015790664823, 1.3888292867528547, -1.5254024365062622, 1.3888292867528547, 18.9192152766274, 3.2781266019052873, 1.817648778309635, 0.0, 0.0
698, 0 ,1.0,1.0,1.0,121.63623529411765,30.55513725490196,169.7595294117647,5.921253572192737,5.144414359167425,4.857698294431632,25.0,25.0,22.0,0.8458727072699197,0.34862567382443554,0.4036824279632628,6.359740672075374,0.29857931982969477,-0.9366279710881047,0.18324419102775816,4.95343857981396,0.44198388303861647,-0.0344700351876654,-0.8963604541746961,4.487830266921662,28.321273025800537,23.259474136801664,21.205839128800022,8.873172221923014,2.5279023724879703,6375.0,13969.090305801548, 1.4210854715202004E-14, 0.0,0.0,32.234439856458486, 180.8081036022358,180.8081036022358,0.0, 35.061243866205245, 4.758645222606714, 7.174172346020781, 4.758645222606714, 26.46499909880799, 2.1032196724336694, 7.174172346020781, 2.1032196724336694, 23.597232719723984, 3.6175378134437635, 1.8569461654589283, 0.0, 0.0
699, 0 ,1.0,1.0,1.0,40.35555196901227,62.971110393802455,182.0561652679148,4.6596858834738235,5.581629533040594,5.38945564633179,20.0,25.0,25.0,0.42362057943948506,-0.8005226575378652,0.4239210769044983,5.848483253225747,-0.07428875012834488,-0.49711270856122347,-0.8644999344079164,5.366055570490245,0.9027883396897209,0.33472739618298075,-0.2700570013253463,4.349044054925454,25.757632944910632,25.281506060222227,19.645562952141177,8.723570898420716,2.4109756781760794,6196.0,12793.028585211869, 0.0, 0.0,0.0,NaN, 139.65915462389685,139.65915462389685,0.0, 21.712672532645225, -4.820425467647951, 3.380449953967687, -4.820425467647951, 31.154588244110965, -0.9428577174052992, 3.380449953967687, -0.9428577174052992, 29.046232163777606, 3.757453840430357, 2.2223422069400485, 1.0, 0.0
700, 0 ,1.0,1.0,1.0,161.43295787687086,267.15074834130536,222.56735071748187,4.796605550866184,5.373185133629464,5.855837023919405,22.0,23.0,26.0,-0.4758001954031495,0.24900190461569016,0.84357111469756,6.206099036301774,0.2034089519087925,-0.9019392915478234,0.38095972575270665,5.461341480809857,-0.8557096308548197,-0.35285062825503044,-0.3784936747190618,4.222257041341991,28.445328143736134,24.4917556572792,19.163614842750803,8.928710270191875,2.539193464967236,6481.0,13350.83104178475, 0.0, 0.0,0.0,NaN, 162.09785215171345,162.09785215171345,0.0, 23.007424810600295, -4.652368437849533, -7.373859915638612, -4.652368437849533, 28.871118480256683, 0.22275857877183858, -7.373859915638612, 0.22275857877183858, 34.29082725070528, 3.955055951906601, 2.018981668952887, 0.0, 0.0
701, 0 ,1.0,1.0,1.0,51.17684007086488,126.97004348526333,224.65195683684973,5.060048972441812,6.417086780788941,4.310558127960507,23.0,27.0,19.0,-0.011678932930608982,0.9949329636915516,-0.09985990329230454,6.434763507655584,0.9659821405064459,0.03702782712850522,0.2559442209559077,5.114698847272816,-0.2583449375315632,0.09347372774254575,0.9615199194367872,4.218730144541375,27.77360808223324,23.315421769728886,18.549762001169597,8.869076148087796,2.589111432447699,6209.0,12011.96120270836, 0.0, 1.4210854715202004E-14,0.0,5.770297319648922, 156.26192277968582,156.26192277968582,1.9073486328125E-6, 25.604095603509435, 0.024785352420818113, 2.095047736050714, 0.024785352420818113, 41.179002752176174, -2.266344987654357, 2.095047736050714, -2.266344987654357, 18.580911374526394, 3.1962384712649996, 1.89338468576149, 2.0, 0.0
702, 0 ,1.0,1.0,1.0,102.7029254223321,237.06331547864303,241.19530284301607,5.5935002070684305,5.125801166630249,5.8310258471905625,24.0,23.0,26.0,-0.5643526298253287,-0.2785609199778823,0.7771164153910992,6.080553208311835,-0.7386518555565377,-0.24997512492277538,-0.6260238599308547,5.432867813956746,-0.36864555536737326,0.9273166938974616,0.06468542128611562,5.007271172392056,27.37204116454518,24.935867423285515,23.464066259601708,9.222684243086027,2.5503019329561125,7281.0,16015.294939193485, 0.0, 0.0,0.0,NaN, 134.04070111936343,134.04070111936343,0.0, 31.287244566474577, 2.691244524145705, -3.1644774001588343, 2.691244524145705, 26.273837599828028, -1.8807903599272713, -3.1644774001588343, -1.8807903599272713, 34.00086243060442, 2.6100891430067534, 1.7232586700301464, 0.0, 0.0
703, 0 ,1.0,1.0,1.0,228.61600120992136,283.5255595886267,258.34633998790076,5.462848553475339,6.357311413909292,4.332289908133005,24.0,28.0,19.0,-0.28714322348655186,0.9570936794901521,-0.038993049197952455,6.445598080541112,-0.9435712165053537,-0.27560554100410256,0.18361629870586832,5.395337005748851,0.1649912985231611,0.0895168947620377,0.9822243109207811,4.286194414426604,29.365234126468636,24.365841961475383,19.41174399634957,9.057528650796955,2.643488853717588,6612.0,13889.27081643215, 0.0, 0.0,0.0,NaN, 84.27401653257897,84.27401653257897,NaN, 29.842714318207598, -3.5763164253594293, -1.6009744057350375, -3.5763164253594293, 40.41540841342136, -1.4082775949720656, -1.6009744057350375, -1.4082775949720656, 18.768735848111074, 3.182962774008927, 1.8919040666734965, 0.0, 0.0
704, 0 ,1.0,1.0,1.0,247.26471883717517,74.93025987373366,268.53545734840696,5.563077937445777,5.076132662492845,5.627295036467336,25.0,23.0,25.0,-0.7513104828604416,-0.5629909553280272,-0.3443453826652047,5.987495388353831,-0.38469504594299875,-0.050351046100920394,0.9216694059061841,5.610865962593803,-0.5362296895649523,0.8249278491937214,-0.17875056266679717,4.5879723731753765,26.665556195988074,25.683023247437234,21.2835015571373,9.056050313418586,2.5237593176854496,6811.0,14576.050730105648, 0.0, 0.0,0.0,NaN, 96.87915755383801,96.87915755383801,NaN, 30.94783613809596, 6.46244919213892, 0.1301674351522796, 6.46244919213892, 25.767122807226695, 2.3851625665090794, 0.1301674351522796, 2.3851625665090794, 31.666449427449912, 3.0840856164383164, 1.7689177055242717, 0.0, 0.0
706, 0 ,1.0,1.0,1.0,25.6791738924799,197.1108308371433,15.943559829733564,5.022699833433435,5.165449405247586,5.795938637125975,22.0,23.0,26.0,-0.20224352139467883,0.49196089735046666,-0.8468010590050087,5.979213747312257,-0.6858937133436988,0.5460324745549859,0.4810388245526031,5.475772703323419,-0.6990331694916003,-0.6781025086293974,-0.22700135625375925,4.4460321777698395,27.47804428612018,26.578888391936076,19.963805122587104,8.897114090165694,2.5186597084264917,6343.0,14580.28302882082, 0.0, 0.0,0.0,NaN, 107.23711205952654,107.23711205952654,1.9073486328125E-6, 25.227513616772256, -5.4167522065920535, -0.6335891134308999, -5.4167522065920535, 26.68186755817264, -3.9751415040679627, -0.6335891134308999, -3.9751415040679627, 33.5929046853297, 2.891404684923734, 1.715831411365222, 0.0, 0.0
708, 0 ,1.0,1.0,1.0,66.24261302954788,41.032929868280526,71.69633321466713,6.017482516972214,4.956250534603751,4.283474841995092,26.0,22.0,18.0,-0.9498990702977225,-0.0743061234467674,0.3035957118699738,6.193734068728588,-0.04043280817014474,0.9923812475157374,0.11638147448191763,4.956730499171008,-0.30993054749572335,0.09827542723093456,-0.9456664296312831,4.023823178308144,28.104863563674346,22.37877895961418,18.457498256466664,8.546246520532844,2.4666459689446505,5618.0,11608.890214460862, 0.0, 0.0,0.0,NaN, 105.88743698374344,105.88743698374344,NaN, 36.210095842066245, 1.2287498379376303, -6.4332684534694335, 1.2287498379376303, 24.564419361759967, 0.4674578774095029, -6.4332684534694335, 0.4674578774095029, 18.34815672200488, 3.424366191427408, 1.832398320409321, 0.0, 0.0
710, 0 ,1.0,1.0,1.0,89.51187703772706,128.14904517931998,81.017388604254,5.705162646847638,5.5868315660440135,4.3935078722040934,24.0,24.0,20.0,-0.924996721734461,0.37679231342451935,0.049077666251550744,5.725296775010401,-0.379974882348345,-0.9173814234294897,-0.11845004318633583,5.584357036526105,3.91873527031359E-4,-0.12821418209653035,0.9917464242156139,4.370401872151759,25.3373137316471,25.279496444710077,20.221138524710007,8.79532080074217,2.388893302239419,6441.0,12951.933086703277, 0.0, 0.0,0.0,NaN, 176.06354298218943,176.06354298218943,0.0, 32.548880826985545, -0.5549451880481275, -0.07705794569560176, -0.5549451880481275, 31.212686947345805, 1.5661088247036472, -0.07705794569560176, 1.5661088247036472, 19.302911423119344, 3.7791811651582767, 1.9807221369063772, 0.0, 0.0
711, 0 ,1.0,1.0,1.0,178.61553143266133,233.7743051413575,160.73338900155076,5.9648844958211455,6.025424138799166,5.314976111205268,26.0,29.0,25.0,-0.6498861119447423,0.7598831720003013,-0.015020200135379897,6.179701154813533,0.7463939379932224,0.6418271745116717,0.17593739621051094,5.820573345117338,0.14333223931940747,0.103128284040438,-0.9842867601479556,5.297808389787201,27.14564797539326,27.360454882127044,24.37819206213551,9.648380453076053,2.653923283799074,8383.0,18106.104418694504, 0.0, 0.0,0.0,NaN, 196.25295108068727,196.25295108068727,0.0, 35.57984704848749, -2.2141732708344013, 0.862067607300255, -2.2141732708344013, 36.30573605242367, 0.5408054384986265, 0.862067607300255, 0.5408054384986265, 28.248971062682674, 3.1504247239370358, 1.8862316528627068, 1.0, 0.0
712, 0 ,1.0,1.0,1.0,145.42472067039105,224.69120111731843,202.66899441340783,6.245259928139066,4.979121852620109,5.323127529779188,26.0,23.0,24.0,0.9716403292856327,-0.07670474440283886,0.2236771170500069,6.297793295110266,0.23509594308305864,0.21176780003477844,-0.9486223149464267,5.283611744870541,-0.025396221206993152,-0.9743052812412162,-0.22379510918221646,4.954983272734835,27.282179731035,24.14594453155013,22.139204798632534,9.237231767896166,2.608478858975348,7160.0,14584.289684385281, 0.0, 0.0,0.0,NaN, 190.50745187448885,190.50745187448885,0.0, 39.00327157001957, -0.9586512008052289, 2.533601674417162, -0.9586512008052289, 24.791654423239105, -0.935175049155777, 2.533601674417162, -0.935175049155777, 28.33568669829308, 2.825674941170149, 1.7930123963889402, 2.0, 0.0
713, 0 ,1.0,1.0,1.0,73.3458815958816,177.0978120978121,14.478764478764479,4.846656866474798,5.633750597269531,5.350086254118645,23.0,25.0,25.0,-0.3099406711223922,0.8855467682720214,0.3460400288798679,5.896534696080425,0.49770321789157035,-0.1589898087342856,0.8526510116214087,5.433331893319652,0.8100791858112251,0.43649646266792835,-0.3914620681417406,4.422944111680203,26.609266111819053,24.588005446208108,20.903700311990036,8.810455626017065,2.4957009360254236,6216.0,13676.638502221087, 0.0, 0.0,0.0,NaN, 143.85479053216585,143.85479053216585,0.0, 23.490082781347308, -4.961759332415702, 2.595182813812155, -4.961759332415702, 31.73914579223479, 3.3098312736343742, 2.595182813812155, 3.3098312736343742, 28.623422926509274, 3.112960114183343, 1.7947425364351555, 0.0, 0.0
715, 0 ,1.0,1.0,1.0,267.57418273260686,25.559932942162614,22.408382229673094,5.315312207450201,5.325008198808871,4.902249528770739,23.0,24.0,23.0,-0.8308251157362174,0.11429689650211339,-0.5446704017218902,5.57460835166175,0.2026655002601498,0.9736207588801995,-0.10482992359935873,5.350072502869331,-0.5183206749360896,0.1974812328489196,0.8320726173876092,4.5761088887840415,25.55982253527884,23.772229213645076,20.24881188521981,8.649572698590545,2.413544852324083,5965.0,12303.460774240484, 0.0, 0.0,0.0,NaN, 46.97743491951588,46.97743491951588,0.0, 28.25254386266912, 0.5534333064699152, 4.423351360162567, 0.5534333064699152, 28.355712317381702, -1.4150874513173746, 4.423351360162567, -1.4150874513173746, 24.03205044233293, 2.5811076120528873, 1.6103273234212148, 2.0, 0.0
718, 0 ,1.0,1.0,1.0,258.05538334366605,267.4521595370944,148.9847075842116,4.5758098976063515,5.297409656285737,4.485490565937751,21.0,23.0,19.0,-0.08296818819716519,0.9890366293479391,-0.12215901749501422,5.319385824928505,-0.7604189737135612,0.01639797384147111,0.6492257626360102,4.826909341943338,0.6441112203367477,0.14675711997024837,0.7507217084741482,4.186321960010719,24.179146385246383,22.28786357371419,18.9732241625303,8.014965517844928,2.2091941178664323,4839.0,10224.699263897877, 0.0, 0.0,0.0,NaN, 158.16180284505674,158.16180284505674,0.0, 20.938036219032245, -0.9558129274521948, -2.7412485291524367, -0.9558129274521948, 28.062549066509366, -1.2398305836443617, -2.7412485291524367, -1.2398305836443617, 20.11962561711657, 3.0660138872135865, 1.7554115001337034, 1.0, 0.0
719, 0 ,1.0,1.0,1.0,192.0727557207119,43.390573049090555,175.32622726383727,4.564656757167566,5.1207791741944835,5.044799358929856,20.0,22.0,21.0,0.28876675987361966,-0.6792091319800126,0.6747508528538878,5.791470798673438,-0.7301628769108566,-0.6120914463660257,-0.30365479490172365,4.548392340478772,0.6192543351268139,-0.4049926126739893,-0.6726849575441266,4.275449021876577,26.388188766999434,20.495417864741853,20.004712683144902,8.200358712945594,2.294033175979971,5113.0,10819.287902671009, 0.0, 0.0,0.0,NaN, 170.51270185976745,170.51270185976745,NaN, 20.83609131075552, -1.916935883876703, 3.5076556733527364, -1.916935883876703, 26.222379350863935, -6.5467388706988245, 3.5076556733527364, -6.5467388706988245, 25.450000571859082, 3.3680690066667074, 1.782539318398196, 0.0, 0.0
720, 0 ,1.0,1.0,1.0,235.64569431204322,196.47870988242772,196.34350174769622,5.180318561606546,5.22546390379742,5.275916545572929,23.0,22.0,23.0,-0.47030176445258787,0.2988318104635862,-0.8303708806357785,5.370546393032687,-0.5182012723046577,-0.8551399907634,-0.014249125552338033,5.247575227611001,0.7143414391834038,-0.42359785794102844,-0.5570288708973316,5.059313636879239,25.173232340027482,23.335464208476253,22.93127521959748,8.73529412094931,2.381408286281701,6294.0,13470.497499187057, 0.0, 0.0,0.0,NaN, 160.00876162921645,160.00876162921645,0.0, 26.83570039972531, 0.4036420460460394, 1.282016030721723, 0.4036420460460394, 27.305473009889774, -0.7818510908498196, 1.282016030721723, -0.7818510908498196, 27.83529539585018, 2.824943140977748, 1.7981665186255944, 1.0, 0.0
721, 0 ,1.0,1.0,1.0,8.484301937207748,231.5533288799822,217.50790469828547,5.160368374068267,6.826033994023365,5.997595996226988,20.0,28.0,26.0,0.018584670363070422,0.8995042789914549,0.4365165083975155,7.058218409991823,0.32689823255868244,-0.4180634685051695,0.8475614914868633,5.795645732712847,-0.944876793861245,-0.12694482414611916,0.3018159307342893,5.078123964156876,30.035668823389244,28.12565534569505,22.86073251681635,10.039861934416459,2.8976666329067955,8982.0,19312.12660491019, 0.0, 0.0,0.0,NaN, 107.52616404410946,107.52616404410946,0.0, 26.629401756083972, -0.6645491681053783, 2.3566705146357387, -0.6645491681053783, 46.59474008756257, 6.67119947111124, 2.3566705146357387, 6.67119947111124, 35.97115773395799, 3.3429423635367215, 2.0161777044101306, 2.0, 0.0
722, 0 ,1.0,1.0,1.0,283.8739592305484,5.447602641401091,223.01722652885442,6.899501455028374,3.7057732690617304,6.764759947589641,29.0,14.0,29.0,0.8850532383417092,0.025703983919593405,-0.46477959347578335,6.949539214772163,-0.4653723336394457,0.026428608036890545,-0.8847203624650042,6.716682044059836,-0.01045736027062052,0.9993201858703215,0.03535264810840567,3.6997216137828794,30.085894034699578,27.97269301992452,14.676620843811374,9.859609681051518,3.1441930499667334,6966.0,12351.601615941263, 0.0, 0.0,0.0,NaN, 78.84207618236807,78.84207618236807,NaN, 47.60312032793865, 0.40080320401234576, -1.2974268027082565, 0.40080320401234576, 13.732755521692464, -1.148250404388203, -1.2974268027082565, -1.148250404388203, 45.761977148513004, 2.8372992711431024, 1.7422290444331394, 1.0, 0.0
723, 0 ,1.0,1.0,1.0,53.474403767279355,146.9138690566611,227.6050432933313,5.6904214077235675,4.589087501969619,5.6986865584952415,26.0,20.0,25.0,-0.6838478557195802,0.148615475952365,0.7143287412215641,6.07378307272641,0.7293618237858172,0.11296582301268246,0.6747370249474188,5.331486058804075,-0.01958162995153569,-0.9824215811648884,0.18564589042023463,4.538729335444744,26.624584865923993,25.160155141978322,21.62238030720934,8.930109953234671,2.4837038094994,6583.0,14484.371704437764, 0.0, 0.0,0.0,NaN, 172.29110985777595,172.29110985777595,0.0, 32.380895797478665, -1.0109392471445589, -4.107177609763598, -1.0109392471445589, 21.05972410073376, 2.325848328622037, -4.107177609763598, 2.325848328622037, 32.475028491974335, 3.011961545233268, 1.724604677320598, 0.0, 0.0
726, 0 ,1.0,1.0,1.0,262.60671824872617,182.22777882619363,244.74995282128702,4.177474458741012,5.6971778646281095,5.045213342645402,18.0,26.0,22.0,-0.06845192232491992,0.9954149272649007,0.06680910797366192,5.707747910931197,-0.2199632370053265,0.05025981105550788,-0.9742125670298056,5.083005874046098,-0.9731035446940692,-0.08138227061761052,0.21551430888217238,4.116791374009943,26.148024540782075,23.393421614920328,18.56480284593343,8.349757210157982,2.3758915545252313,5299.0,11355.936972918998, 0.0, 0.0,0.0,NaN, 135.35553669352473,135.35553669352473,0.0, 17.451292853433518, -1.1632966458223397, 1.8333462312818025, -1.1632966458223397, 32.45783562120851, 0.6042285232509499, 1.8333462312818025, 0.6042285232509499, 25.454177672807194, 3.264890742214204, 1.8980048767591975, 0.0, 0.0
727, 0 ,1.0,1.0,1.0,94.75637557959814,246.64644513137557,270.58558732612056,5.061442222689398,4.390805400096678,5.251703278835186,23.0,21.0,25.0,-0.21026414276531924,0.2870456246481076,0.9345554021231399,5.353338702565135,0.9751962469355485,0.12919149808021357,0.17972711756051504,5.051102209943487,0.06914672971288294,-0.9491650890093714,0.30709015545250806,4.278538063917588,26.060698032910977,23.873035518760645,20.153264542744637,8.205675724225886,2.268180476266946,5176.0,12538.312619775941, 0.0, 2.8421709430404007E-14,0.0,73.31883572036828, 112.65247535252148,112.65247535252148,0.0, 25.618197373622994, 0.28326261798003427, -0.7709765034316073, 0.28326261798003427, 19.279172061518146, 2.9444792903401513, -0.7709765034316073, 2.9444792903401513, 27.580387328928246, 3.4014883939136493, 2.0267555218847173, 2.0, 0.0
728, 0 ,1.0,1.0,1.0,154.57364185110663,222.53983903420524,268.52796780684105,5.831910190953808,4.06987786169309,4.697630133181957,27.0,18.0,21.0,0.9734383070002398,-0.18723647166950197,0.13175874218154288,5.915963817443457,-0.07762050233899709,0.2715139082643747,0.9592993564240759,4.719967938153684,0.2153901578093768,0.9440459211795583,-0.24976865020072325,3.919959939352779,27.16353891786602,21.308962620302054,17.776511024225584,8.191416139056921,2.354466561543808,4970.0,10289.521621244367, 0.0, -2.8421709430404007E-14,0.0,79.20844841577808, 167.74799847290063,167.74799847290063,0.0, 34.01117647535088, -3.723959977166817, 2.003372994506279, -3.723959977166817, 16.56390580909952, 1.3159884052807715, 2.003372994506279, 1.3159884052807715, 22.067728868179135, 3.4195344220524584, 1.7546621293182927, 0.0, 0.0
729, 0 ,1.0,1.0,1.0,56.69288689522589,143.8112784363986,275.7766741429029,5.034998691125224,5.452508043090006,5.20946510834156,25.0,23.0,23.0,-0.6429570611232102,-0.151579453837696,0.75075287993192,5.577133416786509,-0.007174757565180093,0.9813692709717129,0.19199707509837557,5.460687381841447,0.7658686182405479,-0.11805940524463161,0.6320658481737469,4.614765288049101,26.292270180437328,24.1433436209623,19.988234204822703,8.744211400237871,2.399656117566086,6242.0,12688.19754038048, 0.0, 0.0,0.0,NaN, 156.468964160965,156.468964160965,0.0, 25.351211819632713, 0.8959020766703147, -4.746253711639734, 0.8959020766703147, 29.72984395996121, 0.4897344024895187, -4.746253711639734, 0.4897344024895187, 27.13852671502815, 3.2709311563802124, 1.8894029536488073, 0.0, 0.0
730, 0 ,1.0,1.0,1.0,142.41859909156108,224.72077456371025,292.631843174755,5.704116329529679,4.776422908386994,3.64518350365396,25.0,21.0,14.0,-0.9689555313262569,0.2444865001668724,-0.0367631547667722,5.76403002848053,-0.2448443870419444,-0.9695467850951272,0.005500695024987831,4.7068426458047865,0.03429875283893395,-0.014331180965199246,-0.999308867570901,3.6414436442557108,25.21082475316514,21.360692188288027,14.502227446816164,7.932632402257105,2.389950804209625,4183.0,7809.749202941841, 0.0, 0.0,0.0,NaN, 161.2585156960461,161.2585156960461,0.0, 32.536943100807136, -2.6179957592772385, 0.6991734642611119, -2.6179957592772385, 22.814215799764074, -0.22687238151711642, 0.6991734642611119, -0.22687238151711642, 13.287362775310962, 3.031023900253249, 1.8327423090407795, 0.0, 0.0
731, 0 ,1.0,1.0,1.0,65.4119069205198,81.71063765488063,4.1967361740707165,6.730726619783578,8.081921061049444,2.9358469931941036,29.0,33.0,11.0,0.21297477088222388,0.9769813707175281,0.012212626194379805,8.144091276690464,-0.9770437925226665,0.21288841396908975,0.007996917571813146,6.656184904664306,-0.005212912869906217,0.013635412301239429,-0.9998934448583937,2.9339915178129052,35.246457278418305,30.250265708879137,11.306023203247983,10.30871271895699,3.6013564823210658,6618.0,12054.648114879414, 0.0, 0.0,0.0,NaN, 104.75189004242688,104.75189004242688,1.3486991523486091E-6, 45.30268083026327, 4.584587753520015, -0.1287855561373188, 4.584587753520015, 65.31744803703458, 0.7494333293057475, -0.1287855561373188, 0.7494333293057475, 8.619197567446859, 3.2826417251570272, 2.147812150901512, 0.0, 0.0
732, 0 ,1.0,1.0,1.0,14.86734693877551,220.74084872044057,5.545351473922903,6.59453638476874,6.049163629856761,3.8383012045160463,29.0,27.0,14.0,0.9679854270216482,-0.24157856866922287,0.06814696055911884,6.6429501387018295,-0.23787226456368946,-0.9695513867343586,-0.05819702941580908,6.013509260421337,-0.08013113517889714,-0.04012360453912339,0.9959764543068924,3.810743591080104,29.203523700645427,26.635569642475474,15.466510150393589,9.286876682151757,2.9269042310801936,6174.0,12030.6634217967, 0.0, 0.0,0.0,NaN, 80.8319366928898,80.8319366928898,0.0, 43.48791013003877, -1.9324983637769952, 2.2526146513026784, -1.9324983637769952, 36.59238062078182, 0.7336511756197974, 2.2526146513026784, 0.7336511756197974, 14.73255613658933, 3.022396757204362, 1.808108266609897, 1.0, 0.0
733, 0 ,1.0,1.0,1.0,202.30840947231027,254.15867984337126,37.98526943874697,4.809592680405229,4.902098844852871,5.193008615749366,21.0,21.0,22.0,0.4897854161872458,-0.32241885526703246,0.8100347695368285,5.5368372111514494,0.4307728920167689,0.8972673911439032,0.09667442419442539,4.863163819592976,-0.7579874415805289,0.3015912972187878,0.5783577853267763,4.45232126877352,23.372134809886546,22.68384963506253,21.5531348897035,8.303975025994228,2.2746630711005276,5363.0,11426.82534510627, 0.0, 0.0,0.0,NaN, 114.40259694546508,114.40259694546508,1.9073486328125E-6, 23.132181751407558, -0.23148544861757714, 4.457461187453364, -0.23148544861757714, 24.03057308470785, -2.497382862646583, 4.457461187453364, -2.497382862646583, 26.967338483247143, 3.060619107671756, 1.8018596809451197, 0.0, 0.0
734, 0 ,1.0,1.0,1.0,76.68376787216148,94.8374684608915,55.49663582842725,5.405087215283541,4.8942424061423235,3.9783620534740964,24.0,22.0,17.0,-0.9913088668655354,-0.11113485434514275,-0.07039726289744583,5.417957829255127,-0.10866328333157227,0.9933509902878945,-0.038027634026608234,4.888099561666253,-0.07415538638137256,0.030047533072501947,0.9967939227477695,3.9683947383138802,24.19521463070572,21.85372178633368,17.450524071145324,8.00118431187903,2.230917024626203,4756.0,9227.060390291042, 0.0, 0.0,-7.105427357601002E-15,85.96319500370682, 133.99411280879175,133.99411280879175,0.0, 29.214967804821587, 0.6197545343105175, 0.9831665866178703, 0.6197545343105175, 23.953608730081804, -0.20124064437041958, 0.9831665866178703, -0.20124064437041958, 15.82736462852263, 3.4787063639614138, 1.9302817772810095, 0.0, 0.0
735, 0 ,1.0,1.0,1.0,64.2442861874793,166.464392182842,79.05879430274925,5.573809565826229,5.273912314048804,4.596615256423743,26.0,25.0,21.0,-0.9595653597018875,-0.05563121001529265,0.2759338488341395,5.65698817944363,-0.027230533762803762,0.9940239708993825,0.10571113143097183,5.279162423546961,0.2801656982772521,-0.0939229138690756,0.9553458367309515,4.487683682191063,27.930562680651654,25.038002005203907,20.693988010413463,8.625011896330841,2.370558114898604,6038.0,14471.83318964599, 0.0, 0.0,0.0,NaN, 167.95648192148164,167.95648192148164,0.0, 31.067353076095976, 0.4239850166128126, -3.1630873793565977, 0.4239850166128126, 27.81415109627561, 0.6301988696739095, -3.1630873793565977, 0.6301988696739095, 21.128871815587512, 2.891944260461396, 1.7471150571113707, 2.0, 0.0
736, 0 ,1.0,1.0,1.0,32.76404310907903,59.80845852384063,158.14794252122795,4.753389974149534,5.915752999245658,5.010667328774446,20.0,27.0,23.0,-0.2522518575969686,0.9653839456824632,-0.06635388276082946,5.98233277483974,-0.5409890035903977,-0.19754809134625811,-0.8174996327826203,5.304729565527361,-0.8023091039824658,-0.1703190800351208,0.5720939718637514,4.332340670096839,28.481504690767245,24.714031071303026,19.47061751429095,8.753429596117703,2.464773251211627,6124.0,13705.227321860883, 0.0, 7.105427357601002E-15,0.0,15.119493275101902, 157.3929491521536,157.3929491521536,0.0, 22.594716246345303, -3.143007418852105, 4.429258155319143, -3.143007418852105, 34.996133548083996, 0.4231771027760272, 4.429258155319143, 0.4231771027760272, 25.106787079647642, 3.508327736268045, 2.076178623379765, 0.0, 0.0
742, 0 ,1.0,1.0,1.0,179.62194677360554,229.9784907036092,57.835034633612835,5.3870586208843525,4.344646134843206,5.414966000706866,24.0,19.0,22.0,-0.7293989921218551,0.2746460881443673,0.626535423227305,5.653993204776445,0.6124131791975029,-0.1459690995093984,0.7769447341565693,5.260747268871523,-0.3048396434796966,-0.9504012564466713,0.061727169931559675,4.1922674561705096,26.08864062369038,24.82396223399374,19.299031084151352,8.453754787267048,2.398382247979582,5486.0,12498.504698264516, 2.8421709430404007E-14, 0.0,0.0,43.1639669176901, 150.7938284340324,150.7938284340324,0.0, 29.020400584844424, -3.7861119724233583, -1.7714433412116066, -3.7861119724233583, 18.875950037008007, 1.3311217803073674, -1.7714433412116066, 1.3311217803073674, 29.321856788811317, 2.8980000123158884, 1.714609666122145, 0.0, 0.0
743, 0 ,1.0,1.0,1.0,134.57427937915742,10.263414634146342,54.85735402808574,4.246609440324164,5.47237360686555,6.763531471470547,18.0,23.0,28.0,-0.005528467585960323,-0.12880986236032074,0.9916538990014947,6.783413582926804,-0.15027213468267436,-0.9803009640412035,-0.12817295127209682,5.473007422539947,-0.9886292133980581,0.14972654827585638,0.013936970880879414,4.2139544982270865,28.54469681378974,23.660702516766765,18.394232034268484,9.272243044199486,2.7841392793172988,6765.0,12423.235854844332, 0.0, 0.0,0.0,NaN, 145.68769214087598,145.68769214087598,0.0, 18.03369173865031, 1.816797360878266, 0.07999698461003694, 1.816797360878266, 29.946872893118673, -2.0769852000072144, 0.07999698461003694, -2.0769852000072144, 45.74535796557254, 2.7692556981457135, 1.6829035497727851, 0.0, 0.0
744, 0 ,1.0,1.0,1.0,11.016330233613065,284.826264459061,75.45339079156271,5.749078130231965,5.84831160247131,5.947618017609216,23.0,25.0,25.0,-0.14158658308650443,0.4479436103061405,0.8827795656197474,5.98810459903138,-0.125316819844776,-0.8926994688661103,0.4328779885258169,5.812904365002548,-0.9819617783569174,0.0493374124986901,-0.18252913623324296,5.742956919992991,26.680435620587502,25.585825096432842,24.8741453620054,9.800118781886553,2.566413819207105,8818.0,16980.110451313612, 0.0, 0.0,0.0,NaN, 77.74841454349183,77.74841454349183,0.0, 33.05189934751146, -0.09196893650541886, -0.40329873826094714, -0.09196893650541886, 34.20274859960054, 0.8248576426257641, -0.40329873826094714, 0.8248576426257641, 35.37416008338978, 3.153241074093347, 1.79865929979354, 0.0, 0.0
745, 0 ,1.0,1.0,1.0,215.12289864534029,178.68744899624613,85.37326587236821,5.4129377519895465,5.882624074975117,4.47128445556033,24.0,27.0,20.0,0.5390846881631015,-0.7917097865881935,0.28737312471518484,6.342076915612494,0.7949093004106373,0.5910323096386101,0.13711313972016437,5.065660793442097,-0.2784006162147684,0.15451997535505782,0.9479539409209234,4.24437120421443,28.447112927118802,22.81088083339796,19.815214461350635,8.800271738653421,2.540228950859288,6127.0,12858.166040397593, 0.0, 0.0,0.0,NaN, 170.9077291731466,170.9077291731466,NaN, 29.29989510691364, -5.885694319270997, 4.273695250221428, -5.885694319270997, 34.60526600747685, -4.432870222688899, 4.273695250221428, -4.432870222688899, 19.992384682535437, 3.074433095175581, 1.7840856207602653, 3.0, 0.0
746, 0 ,1.0,1.0,1.0,177.98328469089944,52.98408065799947,88.89864685592995,3.916139599067708,4.981873346728544,4.8861618508856495,19.0,23.0,22.0,0.2997273815825182,0.7079428534397603,0.6395157644603123,5.438093593389489,0.04120704687794041,-0.6793156305409115,0.7326883739970242,4.531924966053752,-0.9531345529448014,0.19325421176878294,0.23278172955869975,3.730761746195488,23.52292244153935,20.68990401819623,18.860565718316366,7.67433268583911,2.265922960372188,3769.0,9179.192290014038, 0.0, 0.0,0.0,NaN, 159.99487813930432,159.99487813930432,NaN, 15.336149359386189, 3.13637492211568, 3.2004814942752784, 3.13637492211568, 24.81906204284426, 3.7924963680965127, 3.2004814942752784, 3.7924963680965127, 23.87457763305028, 3.831233888564043, 1.9509381439464393, 0.0, 0.0
747, 0 ,1.0,1.0,1.0,125.84693877551021,271.921768707483,116.0434078393262,5.809222100212472,4.266571273489383,5.650585521103274,25.0,19.0,25.0,-0.7993245989972154,-0.2027614519061597,-0.5656571214603835,5.926570490713355,-0.595400791642587,0.14019071611306166,0.7911033184275538,5.618925994653001,-0.08110538052016773,0.9691410406832496,-0.23278221691973336,4.145267356622758,28.153307451034692,25.51783684571479,19.00344279485722,8.806521779599798,2.514951832162828,6174.0,13652.29196129117, 0.0, 0.0,0.0,NaN, 173.4702037084389,173.4702037084389,0.0, 33.747061409597, 1.7066847147022048, 1.3343084561326954, 1.7066847147022048, 18.203630431764815, 3.6535416239706073, 1.3343084561326954, 3.6535416239706073, 31.929116731301956, 2.8022783366431687, 1.715850670534049, 2.0, 0.0
748, 0 ,1.0,1.0,1.0,203.59059893858984,141.28013646702047,147.05780894617135,4.98461799419175,4.202736533624962,5.553164515786491,23.0,20.0,25.0,0.350383905518661,0.1292584565008188,0.9276439889184405,5.6490071394084405,-0.9060144576736402,-0.20428945237482543,0.3706799456872907,4.931602595318022,-0.2374214001302939,0.970339152601511,-0.04553029418696136,4.137035320037931,25.836326988333468,22.477855926532527,18.694518851639316,8.255604325183025,2.2786057764550893,5276.0,10856.752757065255, 0.0, 0.0,0.0,NaN, 225.56783623825538,225.56783623825538,0.0, 24.846416548020187, 2.003808712805948, 2.389284936264225, 2.003808712805948, 17.662994371065963, 1.2284985552613321, 2.389284936264225, 1.2284985552613321, 30.837636139390206, 3.8421423081944077, 1.8209513012353151, 1.0, 0.0
749, 0 ,1.0,1.0,1.0,3.7519432240621833,52.139574180466376,154.1872254139912,2.609023668674643,5.951685498940095,4.41066471226326,10.0,24.0,18.0,0.01194047064667361,0.9967415298679922,0.07977310196519205,5.960732556133252,0.030262735007171714,0.07938201857725663,-0.9963847961487998,4.400204622553213,-0.9994706559127294,0.014311455656679196,-0.029216266126342566,2.6060304410956374,24.583862473846693,18.78927198646531,10.342928333391468,7.452949377939671,2.477311759926467,2959.0,4777.53179858534, 0.0, 7.105427357601002E-15,0.0,4.626605832142842, 154.8998951134156,154.8998951134156,1.9073486328125E-6, 6.807004503704493, 0.3722363800143016, -0.35166493617119365, 0.3722363800143016, 35.42256027829381, 1.2908671524236783, -0.35166493617119365, 1.2908671524236783, 19.453963204004342, 3.307669822299106, 1.9187279802807564, 0.0, 0.0
750, 0 ,1.0,1.0,1.0,106.18789144050105,155.62546972860125,157.4741127348643,4.281115928301274,4.566467886093161,5.596790945637512,19.0,21.0,24.0,-0.3072841174786642,0.056380533016141536,0.9499461598649548,5.732744800114357,-0.07955470676288151,0.9932269577298309,-0.08468328684348876,4.566891167662456,-0.9482866232195994,-0.1015945172514761,-0.3007175323907956,4.096802845504466,25.815168478529415,21.032261266094025,18.475218382018937,8.074057980087163,2.305263362315913,4790.0,10031.14509588454, 0.0, 0.0,0.0,NaN, 228.98362784352253,228.98362784352253,2.6973983046972182E-6, 18.32795359155488, -0.600401410384372, -4.666534751853401, -0.600401410384372, 20.85262895472014, 0.518696919905328, -4.666534751853401, 0.518696919905328, 31.32406888917003, 2.6963952283271917, 1.650952490210215, 0.0, 0.0
752, 0 ,1.0,1.0,1.0,145.55322338830584,209.79329085457272,193.6420539730135,4.562428955675196,4.711643839577212,5.848799564945795,21.0,21.0,28.0,-0.2213039899895946,-0.10490147852750836,0.969546401064657,5.918690814947365,-0.3855400908364425,-0.9037927856725092,-0.18578869428507602,4.750759962203004,-0.8957585513811817,0.414914786876858,-0.1595692240327641,4.429805956936043,27.799710166844605,21.9703700098338,20.272801793629846,8.437827370510053,2.454968688800747,5336.0,12382.017499904898, 0.0, 0.0,0.0,NaN, 201.58125879320514,201.58125879320514,3.814697265625E-6, 20.815757975583455, 1.3844088075902146, -3.0948919280989604, 1.3844088075902146, 22.19958767102589, -1.0723040606758136, -3.0948919280989604, -1.0723040606758136, 34.20845635091012, 2.7577009371787624, 1.6644105617970621, 0.0, 0.0
753, 0 ,1.0,1.0,1.0,3.991570402747424,172.145800811739,197.11551670309086,2.722850680662332,5.56596720728021,4.900485134026553,10.0,23.0,21.0,-0.02456277991709154,0.9905077987566565,0.13524411427115018,5.578689081550054,0.04292890295116223,0.13620521532485394,-0.9897500940185456,4.890582972919936,-0.9987761406512244,-0.018505132276036316,-0.045866991892778285,2.71460635210652,23.531588282510114,20.598199349642073,10.62183424326506,7.524518306050725,2.4063012264521957,3203.0,5148.491712391699, 4.440892098500626E-16, 0.0,0.0,88.59251482373207, 164.1579903252461,164.1579903252461,NaN, 7.413915829183326, -0.48113124510866223, -0.7820421632895804, -0.48113124510866223, 30.97999095251867, 0.9510002184379042, -0.7820421632895804, 0.9510002184379042, 24.014754548815247, 2.925953673983305, 1.772573055850522, 1.0, 0.0
754, 0 ,1.0,1.0,1.0,252.66432062561094,144.39433040078202,204.3008797653959,4.611275197497184,5.214905241022955,4.7402922570779085,20.0,22.0,20.0,-0.0537623658391378,0.9777693524098403,0.20267387968709927,5.236341477924308,-0.22946587427425683,-0.2096330085643538,0.9504732580476991,4.724859130490649,-0.9718307571603862,-0.004592952024521741,-0.2356350657876938,4.602814402732616,23.388753036039503,21.604392726565848,20.633162280244278,8.130879859559252,2.195053305008469,5115.0,10425.93289686342, 0.0, 0.0,0.0,NaN, 179.57926051580228,179.57926051580228,0.0, 21.263858947052697, -0.2729100101382829, -0.31620516966084267, -0.2729100101382829, 27.195236672848687, 1.0084311853756596, -0.31620516966084267, 1.0084311853756596, 22.470370682512776, 2.8964220960410576, 1.7707989972039124, 0.0, 0.0
755, 0 ,1.0,1.0,1.0,31.09141647421093,206.0140492686682,257.35700538876057,5.887408720515985,4.9414192312662735,4.090742167235731,25.0,21.0,17.0,-0.9909165080331339,0.13426226267033942,0.007623577248342849,5.903506442455395,0.13357814624180991,0.9761500252196769,0.1711373924956988,4.945915469965214,0.01553553842074045,0.17060121068229855,-0.985217678464872,4.062007974903884,25.325208906006388,21.292834083084585,18.175652373044187,8.362077456765768,2.426733925956013,5196.0,9801.138231087747, 3.552713678800501E-15, 0.0,0.0,7.728466697044373, 107.78896094990135,107.78896094990135,0.0, 34.66158144240767, -1.4033243653998086, 0.04338384148165753, -1.4033243653998086, 24.417624019128166, 1.3489104323749894, 0.04338384148165753, 1.3489104323749894, 16.734171478800484, 2.5535612937071583, 1.5839369017395717, 0.0, 0.0
756, 0 ,1.0,1.0,1.0,202.09193298606223,62.09756440940448,291.3100098549908,5.58346959578291,7.019164729447906,4.557381400396465,22.0,30.0,18.0,-0.06011525824002904,0.9968730661138022,0.0512859218850673,7.031115855560155,-0.9414500645543973,-0.03954736687303424,-0.3348250016410519,5.708693510104271,-0.3317498028292637,-0.06841122590829837,0.9408836126176652,4.3803835092627725,30.240395523789346,25.03011058149633,20.995620213689648,9.60290394305957,2.999627862786645,7103.0,15892.014173962707, 0.0, 0.0,0.0,NaN, 116.26527005389968,116.26527005389968,0.0, 31.17513272703217, -1.313770175889221, 4.1311507200747615, -1.313770175889221, 49.268673499125484, 1.7239424426990486, 4.1311507200747615, 1.7239424426990486, 20.769725228679643, 2.556406647516576, 1.582051639359331, 0.0, 0.0
759, 0 ,1.0,1.0,1.0,278.42206511016116,103.13663268661624,49.4501808615587,5.689394861252226,5.487833816687249,4.519776500242243,25.0,24.0,21.0,-0.7839557566521069,0.5187357552973353,0.3410668377138504,6.083284862386815,0.5234974801130707,0.847678664032763,-0.08597250059696229,5.267028900555026,0.33371209137112184,-0.111148993336569,0.9360994292023577,4.262155011579814,28.794069188111877,24.837265392949348,20.121873794442635,8.756384643440438,2.4979274359122328,6082.0,14390.478749902277, 0.0, 0.0,0.0,NaN, 116.3962742671989,116.3962742671989,0.0, 32.369213887243234, -3.4124853841736096, -5.468532435320778, -3.4124853841736096, 30.116319999576138, 2.635465258803755, -5.468532435320778, 2.635465258803755, 20.428379612142024, 2.935897207346373, 1.744866287453769, 0.0, 0.0
761, 0 ,1.0,1.0,1.0,62.65485407980941,3.3627159023228113,102.15217391304348,5.279811298632386,2.388814765321276,6.159079332842007,22.0,9.0,26.0,0.24700107401849555,-0.015140428106430213,0.9688969175668087,6.216143895945124,0.9689953240074691,-0.0025458738321181857,-0.24706594378442948,5.213243824066355,-0.006207373467868884,-0.9998821360356356,-0.014042170467753365,2.3872045275097094,26.935467802972923,22.802838664703014,9.240608648676364,8.01385128077783,2.70097930573335,3358.0,5675.629205563489, 0.0, 0.0,0.0,NaN, 119.88329839123809,119.88329839123809,0.0, 27.8764073491662, -0.1761799491387323, 2.7413250640909355, -0.1761799491387323, 5.706435983016944, -0.4697283579770574, 2.7413250640909355, -0.4697283579770574, 37.93425822824153, 3.395450472867226, 1.7586873608468807, 0.0, 0.0
762, 0 ,1.0,1.0,1.0,155.66228070175438,242.47076023391813,105.16791979949875,5.183695518270292,4.29102408827283,4.84364970413752,22.0,19.0,22.0,-0.8064156221365988,-0.29804776194510413,0.5107459015729415,5.4394924035343335,-0.5766227768200747,0.2047727415284825,-0.7909325493234024,4.696982027391818,-0.1311488376858483,0.9323280838451791,0.33699306587410266,4.134587238759776,24.646401439930997,21.241187136167724,18.781666237864158,7.992486854305312,2.2056027050268407,4788.0,9832.555844496139, -2.8421709430404007E-14, 0.0,0.0,36.25280817045567, 187.62537673576108,187.62537673576108,0.0, 26.870699226135507, 2.4162947573612303, -2.880424746075728, 2.4162947573612303, 18.412887726137672, -2.7062429465476514, -2.880424746075728, -2.7062429465476514, 23.460942456391486, 3.176770425878571, 1.8168891751644762, 1.0, 0.0
763, 0 ,1.0,1.0,1.0,109.3137454249695,149.67466449776333,195.1665311102074,4.492660202061803,5.3274909727131,4.790626671766805,19.0,23.0,21.0,-0.32203240546190387,0.9458051685461909,-0.041805657317291765,5.412758216055241,-0.5382072942057023,-0.21922246005433046,-0.8138024462186779,5.16790539261619,-0.7788632988504443,-0.239570649619352,0.5796359767515862,3.9384085632737533,24.413389434892224,23.43559351714339,17.89829919951883,8.140602129472637,2.2906018059449065,4918.0,10240.373554126138, 0.0, 0.0,0.0,NaN, 212.93674255708,212.93674255708,0.0, 20.183995691189995, -2.878204009769984, 5.089475904219181, -2.878204009769984, 28.382160064339576, 1.4523078032395262, 5.089475904219181, 1.4523078032395262, 22.9501039082435, 2.894135552597463, 1.6324180985236154, 1.0, 0.0
764, 0 ,1.0,1.0,1.0,89.19479525449675,150.99253731343285,190.93628013777268,5.424739900768639,4.662483273799275,4.72419129663173,23.0,21.0,22.0,-0.8707863815045903,-0.4091966951116948,-0.2725603465212967,5.533734862025353,0.4722783989138387,-0.5420374786366322,-0.6950888329362108,5.143756978512935,0.13669013024181187,-0.7339982537192504,0.6652536146700498,4.050194970544637,25.189040135895027,21.500514872521563,17.88454346260609,8.25741350833297,2.3020987878503223,5226.0,9685.863333702951, 0.0, 0.0,0.0,NaN, 205.07030605859714,205.07030605859714,0.0, 29.427802990991346, 2.4924602018609585, 0.07402732869258218, 2.4924602018609585, 21.738750278458006, 5.373806912624025, 0.07402732869258218, 5.373806912624025, 22.31798340717099, 3.308744724715892, 1.8141974056670793, 1.0, 0.0
765, 0 ,1.0,1.0,1.0,196.80047200171637,47.32653936923407,237.1956661660588,3.989162505931959,5.369644732045635,4.9300960347583755,17.0,24.0,23.0,-0.11504491118131747,0.8195619278071379,0.5613224696200299,5.65932072272461,-0.42543732844151855,-0.5512779976906833,0.7177016433245041,4.791466056889518,-0.8976456695043014,0.1562396100583873,-0.41209396533918896,3.7505054248826792,24.40684976411552,21.157789517340206,17.147373724220756,7.991913419062445,2.276327933595927,4661.0,8854.817884397089, 0.0, 0.0,0.0,NaN, 129.74717051273728,129.74717051273728,0.0, 15.913417498733347, 0.391907662172859, -3.8749260814343023, 0.391907662172859, 28.833084548385436, 4.74494659842509, -3.8749260814343023, 4.74494659842509, 24.305846911940254, 3.7873025046055266, 1.8000739227320322, 0.0, 0.0
766, 0 ,1.0,1.0,1.0,12.466951393125889,123.96522269676632,293.80313199105143,6.426788929548174,6.296824646330229,2.9584414463712165,25.0,26.0,12.0,-0.7577914941422705,0.6523904588335594,-0.011778821187322862,6.795918843808888,-0.6502941131575124,-0.756592341127259,-0.06845141152859707,5.907403927129282,-0.05356881367278221,-0.04421219934035198,0.9975849154990162,2.9366746965407335,30.71137325493548,28.36644569401497,12.995612187781717,8.986269644993644,2.9921480963796596,4917.0,11321.419979774902, 0.0, 0.0,0.0,NaN, 124.74454893267986,124.74454893267986,0.0, 41.30361594496296, -5.64229231478045, 1.5047811569139404, -5.64229231478045, 39.65000062663182, 1.0720633659690402, 1.5047811569139404, 1.0720633659690402, 8.752375791607015, 3.136280139929787, 1.957671564891312, 2.0, 0.0
767, 0 ,1.0,1.0,1.0,4.787293590820039,257.1917156451162,17.80016792611251,3.3284743396783747,4.291559768401094,6.098072442770803,13.0,18.0,26.0,0.08342485393025588,-0.09946879124467346,0.9915373181656043,6.125812394757534,0.26419308722524987,-0.9571930405480715,-0.1182518320734523,4.343561207761247,-0.9608549871906301,-0.2718224470029289,0.0535747225492862,3.2078984914743707,26.145757562655568,19.178405648795007,14.772843854600197,7.764152094775486,2.529951865575738,3573.0,7407.605365962444, 0.0, 0.0,0.0,NaN, 46.60808264165243,46.60808264165243,0.0, 11.078741429897393, -2.3947092386542765, 1.9849223688344586, -2.3947092386542765, 18.417485245758854, -1.715397433357706, 1.9849223688344586, -1.715397433357706, 37.18648751728067, 3.127172163912071, 1.7590910604255714, 0.0, 0.0
768, 0 ,1.0,1.0,1.0,226.75893743793446,289.4414101290963,35.388778550148956,3.7990397656606647,4.888304872441506,4.776254281639107,16.0,19.0,21.0,0.08869090187976646,0.8633425443544391,-0.4967630974935198,4.939024960687432,0.09336443724475925,-0.5037383868214826,-0.8587960872642931,4.739729649601099,-0.9916738404242204,0.029787392468839095,-0.12528250264176682,3.7791305767704073,22.542047316416074,22.17400933435144,16.61234352987171,7.5405716251659936,2.0689640392293573,4028.0,8303.63950570148, 0.0, 0.0,0.0,NaN, 82.02501272510618,82.02501272510618,0.0, 14.43270314107104, 0.38942632456617127, -1.1016623703588273, 0.38942632456617127, 23.89552452593537, -0.7967349210935732, -1.1016623703588273, -0.7967349210935732, 22.812604962875906, 3.160085994287837, 1.7069136593530703, 1.0, 0.0
771, 0 ,1.0,1.0,1.0,6.474729596853491,203.15732546706,173.59941002949853,4.053089253664437,5.125257786669254,5.884516259529754,15.0,22.0,25.0,0.010832744481446801,-0.39099352120368636,0.9203296789866889,6.0422296660985975,-0.3424295253925129,-0.8661843239366553,-0.36395980149716756,5.060613429092469,-0.9394810651558967,0.3112053716489188,0.14327087935236635,3.899356853387618,26.041178485643172,25.115499350624248,17.728025985348737,8.41772403937971,2.5426862731180817,5085.0,11594.788500840645, 0.0, 0.0,0.0,NaN, 159.36604054482925,159.36604054482925,0.0, 16.427532498170144, 2.9959127477909933, 1.5091492996638267, 2.9959127477909933, 26.26826737981382, -4.385747890579922, 1.5091492996638267, -4.385747890579922, 34.62753160867004, 2.8960081841155607, 1.6699832370516379, 1.0, 0.0
772, 0 ,1.0,1.0,1.0,150.61588541666666,129.76536458333334,247.46484375,4.468128773532673,4.221583723901763,4.474151860567461,19.0,17.0,19.0,-0.5691688293776331,0.511588445195451,-0.6436801273982257,4.56305769159677,0.738101029645198,-0.027036849867000414,-0.674148261724354,4.497507031475299,-0.3622895440136158,-0.8588051417473992,-0.3622154259644888,4.093276652169013,20.462774656704198,19.91655339669559,18.543816714266512,7.347199814331604,1.955155654797871,3840.0,7557.494377570077, 0.0, 0.0,0.0,NaN, 204.73056971909153,204.73056971909153,0.0, 19.964174736870586, -1.253408135308166, -0.238113403320324, -1.253408135308166, 17.82176913791228, -1.2758270263671525, -0.238113403320324, -1.2758270263671525, 20.01803487141927, 3.041704791636827, 1.6399499988769326, 0.0, 0.0
776, 0 ,1.0,1.0,1.0,177.3241460541814,43.5472320376914,18.033686690223792,3.616673045413379,5.838134251406229,4.433467929356842,15.0,25.0,19.0,0.06619112050975261,-0.9966521054674697,0.047992876897760495,5.848747963829075,-0.05771657877847458,-0.051842115908487585,-0.996986053840393,4.432485321697704,-0.9961363019686471,-0.06322163937601673,0.06095483750152502,3.6006936087422896,25.32504574941904,19.380969801715317,15.501972076415882,7.8387467525191665,2.318150703765351,4245.0,7608.739119226539, 0.0, 0.0,0.0,NaN, 131.4189499848538,131.4189499848538,0.0, 13.080323917419685, -1.3813878171645189, 0.45197811878729477, -1.3813878171645189, 34.08381153744257, -0.6707312559222315, 0.45197811878729477, -0.6707312559222315, 19.655637880635645, 3.4216464645239153, 1.7453506693017535, 1.0, 0.0
777, 0 ,1.0,1.0,1.0,194.6965543498953,198.53740719588805,22.122406244051017,4.916169656134752,5.1336209683162926,4.715881459216675,23.0,22.0,20.0,-0.3822980558045775,0.8755425990352491,-0.29542063875538854,5.28583555575411,0.8311244131255746,0.18608945224663284,-0.5240256918026226,4.920421479648034,-0.4038321513137719,-0.44586530817854625,-0.798826464589238,4.540013349293622,23.5234428146955,22.520336385385207,21.293717671100865,8.231495130906781,2.237144202208994,5253.0,11280.471400799073, 0.0, 0.0,0.0,NaN, 147.89480809800054,147.89480809800054,0.0, 24.168724087900088, -1.8963207557118715, -0.7397457542323744, -1.8963207557118715, 26.35406424633671, -2.24644066761012, -0.7397457542323744, -2.24644066761012, 22.23953793738359, 2.573053871118158, 1.6133324971257683, 0.0, 0.0
778, 0 ,1.0,1.0,1.0,141.8249288854409,217.06025342642874,104.47633824670287,4.208998108540099,4.565613963547875,4.532975035361529,18.0,19.0,20.0,0.13883227631274705,0.7018881770247702,0.698626213369257,4.931525766366209,-0.766234008889024,0.5230541319771578,-0.3732289091743519,4.285511278365435,-0.6273842862836747,-0.4834949451384856,0.6104273874506754,4.052506053261014,22.96682131521095,19.31687762678709,18.094315359636383,7.417201369093357,2.023235642076381,3867.0,8027.493735265063, 0.0, -2.8421709430404007E-14,-1.4210854715202004E-14,21.82276616323595, 194.70135404893327,194.70135404893327,0.0, 17.715665077694133, -0.009104843627533008, 1.3215621911088271, -0.009104843627533008, 20.84483086414334, 3.4931505530173954, 1.3215621911088271, 3.4931505530173954, 20.547862671210854, 3.190314147225455, 1.6393802817890257, 0.0, 0.0
779, 0 ,1.0,1.0,1.0,121.13530286138982,290.61884057971014,134.07068004459308,11.360912018770366,5.71834734769856,10.425602306194873,51.0,25.0,47.0,0.8650555153716496,0.08312443947463911,0.4947416324579098,11.766033942764809,-0.5016186675281927,0.12838971759800535,0.8555084995500313,10.061250987326096,-0.007593926015638662,0.9882339844273377,-0.1527610038934593,5.549295050891062,55.25745924788964,46.57071235708963,27.179518893460624,15.587681471643968,5.242822529192179,26910.0,69943.20967951923, 0.0, 0.0,0.0,NaN, 180.93290192502073,180.93290192502073,0.0, 129.07032189824093, 3.2043032868552954, 15.843725527968793, 3.2043032868552954, 32.69949638893116, 12.1632837316014, 15.843725527968793, 12.1632837316014, 108.69318344693586, 5.894104239196194, 4.1330449926141, 3.0, 0.0
780, 0 ,1.0,1.0,1.0,186.42104121475055,128.05054229934925,145.6006507592191,4.313520060809289,5.384222625884522,4.477366509047358,20.0,23.0,19.0,-0.07662192128152429,-0.9258483835866328,0.37004574283343356,5.5508146938591,-0.7633881307561646,-0.18426659270215462,-0.6190996564645693,4.370770699580506,0.6413794843926158,-0.32992513305893834,-0.6926628065489772,4.210455935235086,24.605475316210942,19.723362206494528,19.6889672771038,7.923083830004811,2.2063232036912255,4610.0,9555.10901768329, 0.0, 0.0,0.0,NaN, 224.7146429661559,224.7146429661559,0.0, 18.60645531500417, 1.1216697173455883, 0.279205396172613, 1.1216697173455883, 28.98985328508682, -4.325586036203487, 0.279205396172613, -4.325586036203487, 20.046810856338922, 2.871933911569465, 1.6193640713836779, 0.0, 0.0
781, 0 ,1.0,1.0,1.0,200.64858825919154,35.01259394678042,199.66016656510257,4.210779471734127,5.110941038285542,5.333151632024706,19.0,24.0,23.0,-0.2095661440111999,0.5919302692717379,0.7782676837722127,5.680997334318844,0.004757983051818911,-0.7953152390873597,0.6061773932378993,4.791521103762528,-0.977782896599013,-0.13073724333679398,-0.16385475373983,4.130675875233632,25.68816514533637,22.171490509131104,17.72909658384367,8.173114821745294,2.344159230330628,4923.0,10097.516713205985, 0.0, 0.0,0.0,NaN, 145.48081290505885,145.48081290505885,0.0, 17.730663759577535, -1.9092448653402136, -2.4639268418388194, -1.9092448653402136, 26.1217182968313, 4.164954229730585, -2.4639268418388194, 4.164954229730585, 28.442506330167785, 3.352864049700443, 1.8842528366591944, 0.0, 0.0
782, 0 ,1.0,1.0,1.0,177.72956589753616,151.1922174423152,215.5308955807587,4.824956907418559,4.977109319590621,4.836223039186157,21.0,22.0,22.0,-0.01846436118529393,0.7983079519544136,0.601966345581186,5.163677945289576,-0.9060460916805447,0.2412238228555691,-0.3476946174983948,4.87593170447441,-0.4227760011122072,-0.5518292137367264,0.7188497560340941,4.5828593381193965,23.067271024430454,21.791470236549344,20.824872243922613,8.156116500869567,2.2178014443589804,5114.0,10468.033323953407, 0.0, 0.0,0.0,NaN, 210.30654960492512,210.30654960492512,2.6973983046972182E-6, 23.280209158446066, -0.6893162450680567, 0.8103692976514012, -0.6893162450680567, 24.771617179155815, 2.4879017685009925, 0.8103692976514012, 2.4879017685009925, 23.389053284754986, 2.7597005048159935, 1.7084583799416122, 1.0, 0.0
783, 0 ,1.0,1.0,1.0,62.05259295499022,208.4545009784736,214.0743639921722,4.79745561321134,4.813334004842302,3.9118651784986658,21.0,20.0,17.0,-0.7521440998047423,0.6266738349806878,-0.20386063298123816,4.882949279859418,0.6230287276611096,0.7770152031024278,0.08990316266222977,4.772590457866876,-0.21474277086293844,0.05939089743630715,0.9748632025386013,3.855598582509993,21.952512716335747,20.77550634733683,16.790306889804924,7.563779702630948,2.067774259372351,4088.0,7657.631949236394, 0.0, 0.0,0.0,NaN, 140.05112497544496,140.05112497544496,0.0, 23.015580360732994, -0.4013497334568952, 1.8197191148930898, -0.4013497334568952, 23.168184242171236, -0.594219250845393, 1.8197191148930898, -0.594219250845393, 15.3026891747504, 3.60152336045254, 2.0300960796918894, 0.0, 0.0
784, 0 ,1.0,1.0,1.0,258.57622909275216,6.203699949315763,203.70121642169286,9.807012219287571,4.134242122469562,12.203328234970773,43.0,15.0,57.0,-0.313184572597675,-0.06076826072848998,0.9477460851804381,12.493672817798537,-0.9490281043947342,0.05734204163987514,-0.3099315203871796,9.474406983909136,0.03551169604158013,0.996503441413328,0.07562943008938619,4.041586128235803,59.15401653830476,46.08794375281991,16.696240589268257,15.208839749987725,5.5571449563683855,19730.0,45518.7434498552, 0.0, 0.0,0.0,NaN, 105.0136677194875,105.0136677194875,0.0, 96.17748866925572, -1.3361816889899096, -19.88449718693486, -1.3361816889899096, 17.09195792720163, -9.354038965979964, -19.88449718693486, -9.354038965979964, 148.92122001043487, 4.5617390939473985, 3.1715295623624087, 2.0, 0.0
785, 0 ,1.0,1.0,1.0,224.5895865237366,172.4756070881645,219.50754758258586,4.881982024096249,4.974888377753508,4.267998926250873,21.0,21.0,18.0,-0.6004720599398409,-0.7222197750448821,0.34326651710547496,5.348550344008725,0.7789132565956741,-0.6253864140277682,0.04675437785929601,4.623367463481089,0.18090727992849046,0.2954495383032576,0.9380736252476489,4.10079994689,24.288154754538795,21.264776279778843,19.26710934561646,7.8768485693755945,2.1804436026437064,4571.0,9951.118581323164, 0.0, 0.0,0.0,NaN, 168.60674999644257,168.60674999644257,0.0, 23.83374848359891, 2.892417172915476, -2.2642399332900522, 2.892417172915476, 24.749514371106926, -3.0563133766225605, -2.2642399332900522, -3.0563133766225605, 18.215814834478604, 3.1404935403781393, 1.6991920510328467, 0.0, 0.0
786, 0 ,1.0,1.0,1.0,215.05960264900662,226.38603752759383,220.65756070640177,4.124481565782913,4.201562488547577,4.638000279051163,17.0,17.0,21.0,0.02161110347835838,-0.2411069186949782,0.9702579110545101,4.664533648888085,0.6168281644522852,-0.7605411610885441,-0.20273173858208632,4.2479931448568715,-0.7868011030399445,-0.6028636629019065,-0.13228540436353425,4.046257801941405,21.6241729325763,20.43190929841225,18.98472846464756,7.23551047684657,1.955226395989652,3624.0,8387.89234251781, 0.0, 2.8421709430404007E-14,0.0,76.04811920010265, 137.58309942028413,137.58309942028413,0.0, 17.011348186483072, -0.8130198967881423, -0.09631156528223524, -0.8130198967881423, 17.653127345170102, -1.001911542013269, -0.09631156528223524, -1.001911542013269, 21.51104658847867, 2.917019934054242, 1.6128704368524325, 0.0, 0.0
790, 0 ,1.0,1.0,1.0,257.19549856058626,294.57838262235015,73.17717874901858,4.858019823110927,3.070052491250488,6.219256761714197,21.0,12.0,26.0,0.3241258490181268,0.017052796297295725,0.9458602624789358,6.3799294078786914,-0.9448501574282121,0.055415178074789885,0.3227806345597919,4.650023794331602,0.04691070246927773,0.9983177651316147,-0.034073828908073034,3.062435800393923,27.202426412894624,21.02342423639851,12.555104983006515,8.040098376940634,2.6573580221745625,3821.0,7180.115771049227, 0.0, 0.0,0.0,NaN, 84.95009575116572,84.95009575116572,0.0, 23.60035660173872, -0.46795389136236326, 5.86931365466714, -0.46795389136236326, 9.425222299033328, 0.7242698154066813, 5.86931365466714, 0.7242698154066813, 38.67915466812776, 2.925386850753089, 1.766226802266478, 0.0, 0.0
791, 0 ,1.0,1.0,1.0,109.79421153436901,101.16067248350713,85.13407107895297,5.01845927630424,4.332766428435449,5.0426893351723825,21.0,18.0,22.0,-0.7990137770821443,0.23134725450725954,0.5550274154173639,5.329927671687233,-0.3823049445991586,0.5170071572829872,-0.7658632571505171,5.0680569611650315,-0.46413350812881426,-0.8241250191264179,-0.3246506422016163,3.9106500502259256,25.100825563056965,23.813927330048955,18.776290486670916,8.014343059722027,2.270863158239354,4699.0,11223.51329112241, 0.0, 0.0,0.0,NaN, 171.8605847838456,171.8605847838456,0.0, 25.18493350792407, -4.478320857299129, -2.7734312123116593, -4.478320857299129, 18.77286492337728, -2.430777540883063, -2.7734312123116593, -2.430777540883063, 25.42871573106129, 3.145020747659155, 1.7865028724138265, 1.0, 0.0
792, 0 ,1.0,1.0,1.0,289.18314948649675,229.67744389501712,147.31000380372765,5.333970505634942,4.219693023640455,5.334898662847706,22.0,17.0,22.0,0.71889591446082,0.11931385866634042,0.684801334185098,5.6033957322720385,-0.6710221306044539,-0.13801897017960912,0.7284779091431804,5.086597513253004,-0.18143308521491028,0.98321664296365,0.019159034127284275,4.176921871105744,25.62449205162551,23.277570235578565,18.18530664622861,8.321814060192727,2.3378633534010373,5258.0,10847.097393772909, 0.0, 2.8421709430404007E-14,0.0,83.14749492020628, 163.5924917984447,163.5924917984447,0.0, 28.45124135498348, 1.9771056540697127, 2.7490426658444824, 1.9771056540697127, 17.805809213759925, 0.2926524250897787, 2.7490426658444824, 0.2926524250897787, 28.461143742854247, 3.0375490295950476, 1.741079241975842, 0.0, 0.0
793, 0 ,1.0,1.0,1.0,130.4514592019059,70.25848719475879,164.49215803057376,4.5044566151126455,4.7978274497450295,5.360184175744053,20.0,22.0,23.0,-0.20494672825308255,0.2312406675048622,0.9510649779432859,5.4311806283808854,-0.01176448147191681,-0.9722027304298002,0.23384492280256747,4.759947991642988,-0.9787024244141089,-0.03673696553537799,-0.20197019534871577,4.459374858835037,24.002843592981748,23.306277377763813,21.153073085536533,8.173855114935291,2.286688564912729,5037.0,11833.387218968772, 0.0, 0.0,0.0,NaN, 200.7889774514866,200.7889774514866,0.0, 20.29012939743207, -0.4238236809373636, -1.8811132343705828, -0.4238236809373636, 23.019148237526892, 1.4838614739315, -1.8811132343705828, 1.4838614739315, 28.731574397896956, 2.6272605237078994, 1.5326874896328326, 0.0, 0.0
794, 0 ,1.0,1.0,1.0,3.339711841512832,220.05988293561458,180.08014407924358,2.4274421101994554,5.86893605622355,7.534185465735492,9.0,27.0,33.0,0.004899730677352379,-0.21029157246618285,0.9776264353979947,7.605694495053272,0.023572511751961088,-0.9773422185871463,-0.21034857845219224,5.777395783614772,-0.9997101226500574,-0.024075762020226724,-1.6838691261439657E-4,2.4240349564098618,32.5506950982103,25.570418099796143,9.381424587785844,9.261058852991079,3.3665449921167454,4442.0,7808.486937588281, 4.440892098500626E-16, 0.0,0.0,89.71926498814486, 144.16084015954874,144.16084015954874,0.0, 5.892475198369586, -0.6871596915448924, 0.11257599829389278, -0.6871596915448924, 34.44441043204084, -5.030463378000632, 0.11257599829389278, -5.030463378000632, 56.76395063209993, 3.2332630837248124, 1.8879396189369828, 1.0, 0.0
795, 0 ,1.0,1.0,1.0,14.88779935885348,27.955685461059776,236.6624552140298,5.3446242713961825,4.804858509833478,4.828294311019292,23.0,21.0,21.0,-0.8698891336744712,0.4907814313717392,0.04925933145897248,5.552773206755783,-0.3234842955148606,-0.4922525401975416,-0.8081122120252368,5.102786345836398,-0.37235843708761635,-0.7189026521649327,0.5869652213205596,4.253513968334693,24.71024481260654,24.164896546796598,20.459445719944313,8.345949690964558,2.304175256274346,5303.0,12216.754653253425, -1.7763568394002505E-15, 0.0,0.0,29.554241325132512, 70.81533378345377,70.81533378345377,0.0, 28.565008602397175, -4.174121657678577, 1.531239082094608, -4.174121657678577, 23.086665299519193, 3.4689189091640427, 1.531239082094608, 3.4689189091640427, 23.31242595382126, 2.810544693147419, 1.627606331151517, 0.0, 0.0
796, 0 ,1.0,1.0,1.0,104.28450363196126,189.44406779661017,250.03970944309927,4.803315749254124,4.270842063060529,4.525994002133203,21.0,19.0,20.0,-0.99828125165353,0.0440717188369474,0.038629343714579795,4.803712797413972,-0.0566617353135261,-0.5574976486914858,-0.8282426090552967,4.728184411272085,-0.014966307103691314,-0.8290078740893968,0.5590366305971873,4.045388900334605,21.338782253767192,22.11173837687494,18.29545566080506,7.585037552760633,2.0648876834334176,4130.0,8632.483349752994, 0.0, 0.0,2.8421709430404007E-14,87.7861508128675, 159.98094410164921,159.98094410164921,0.0, 23.071842187032708, -0.10599991792178534, 0.022358693549240746, -0.10599991792178534, 18.240091927607114, 2.777523700086193, 0.022358693549240746, 2.777523700086193, 20.484621707345724, 3.004771277091982, 1.6732457515087524, 0.0, 0.0
798, 0 ,1.0,1.0,1.0,254.5773724123796,264.1412174625948,266.9971305595409,4.760432969450952,4.512416001362596,5.16860546382014,21.0,21.0,23.0,0.3774265536834408,0.14001212055262516,0.915393796501264,5.285007415020315,-0.7973885622000799,0.5517712268770465,0.24437674615864888,4.767797105320444,-0.4708722517277168,-0.8221588163420471,0.31989717607992973,4.367483262967186,23.557583745571435,21.70613849143757,20.133933199843852,8.050103761135057,2.221245619371668,4879.0,10295.36946772036, 2.8421709430404007E-14, 0.0,0.0,67.82563170845769, 66.6202429696302,66.6202429696302,0.0, 22.66172205663561, -1.1409734765586375, 2.347219351050118, -1.1409734765586375, 20.361898169353204, 1.6281977955474953, 2.347219351050118, 1.6281977955474953, 26.7144824406314, 2.7601576106155914, 1.6501560516829505, 1.0, 0.0
800, 0 ,1.0,1.0,1.0,150.54093959731543,66.28648130393097,289.4477468839885,4.574995809081206,5.520327587163011,4.807981360246437,18.0,23.0,20.0,0.24433985689141316,-0.9349448933881127,0.25724711983183346,5.653279560197593,0.4104649257543184,-0.14062687683485214,-0.9009676055426058,4.787286558815023,-0.8785309209468871,-0.3257332157443655,-0.34940133528801687,4.432110750107886,25.786582744484804,21.295038590403834,20.122650528987947,8.308312512363793,2.343764339706529,5215.0,11049.876121236948, 0.0, 0.0,0.0,NaN, 163.8391234898859,163.8391234898859,0.0, 20.930586653110595, -3.002524210621139, -0.43683489160719907, -3.002524210621139, 30.474016669592988, -2.547254812018954, -0.43683489160719907, -2.547254812018954, 23.11668476047718, 2.6646772115594017, 1.564644748731549, 2.0, 0.0
801, 0 ,1.0,1.0,1.0,270.46839378238343,268.55336787564767,291.2490500863558,6.2735802646625345,4.880665908557377,4.4698736285081075,28.0,23.0,18.0,0.9833622473449327,0.021912623832012444,0.1803289422514318,6.328358076507008,0.015715602100236176,0.9787136881702769,-0.20462779977012266,4.9008499938596355,-0.18097433615667868,0.2040572309547767,0.9620857218292551,4.369443064755988,28.81835814525016,22.935386029556838,20.578769865974948,8.744397987988187,2.587273300333251,5790.0,13601.74720429749, 0.0, 5.6843418860808015E-14,-5.6843418860808015E-14,81.94514214247891, 44.01801406410593,44.01801406410593,0.0, 39.35780933716323, 0.5273344250852449, 3.7002722220730853, 0.5273344250852449, 23.820899710954208, -0.9037921375965119, 3.7002722220730853, -0.9037921375965119, 19.979770254832232, 2.6698104007771186, 1.7607740025833212, 1.0, 0.0
804, 0 ,1.0,1.0,1.0,229.14784335981838,145.84392735527808,163.6960839954597,4.834020729772741,4.0039764586807145,4.136487580100137,22.0,18.0,19.0,-0.8916844788493345,-0.08187389861582478,0.4451914811680888,5.06776427197854,-0.19862976524696024,-0.8129878588768105,-0.5473545082273792,4.133379438385578,0.4067493165785637,-0.5764957988089287,0.7086660619914904,3.7071624053787775,21.804590919410515,18.282721059055802,16.36995366699786,7.242344123718179,2.0145880451122844,3524.0,6525.837070685372, -2.8421709430404007E-14, 0.0,0.0,26.914313086019884, 211.82359822538476,211.82359822538476,3.814697265625E-6, 23.36775641587258, 1.411269536861554, -4.3761804090903755, 1.411269536861554, 16.031827481669357, 1.0518859811302161, -4.3761804090903755, 1.0518859811302161, 17.11052950032268, 3.1637604782837743, 1.610451612147638, 1.0, 0.0
806, 0 ,1.0,1.0,1.0,233.5662802419355,20.801663306451612,199.9851310483871,4.790851715022639,4.3713956645438055,4.268759674216029,20.0,19.0,18.0,-0.8621028183125834,0.5033387215928233,0.05855648557421586,4.976409530870481,-0.35342304318222745,-0.5144372562531216,-0.7813107332723475,4.440218611362945,-0.3631403078774296,-0.6942653964616576,0.6213893111975961,3.975358629345063,22.006330802883923,20.602348236377054,19.056119262807897,7.4900382612655765,2.045237446439602,3968.0,8639.703190207694, 0.0, 0.0,0.0,NaN, 121.85697488702208,121.85697488702208,0.0, 22.952260155335363, -3.1772523814508027, 0.6278756386779686, -3.1772523814508027, 19.10910005599238, 1.8365166671070192, 0.6278756386779686, 1.8365166671070192, 18.22230915621294, 3.0042875948692522, 1.6052668546218334, 0.0, 0.0
807, 0 ,1.0,1.0,1.0,50.451633705932935,219.6536973344798,286.012467755804,4.1714162046189145,4.369073344877229,5.779468152148894,18.0,21.0,24.0,-0.24330924030598905,0.0016647320354532692,0.969947339936026,5.871775965102524,0.3142641390742664,0.9461907274606904,0.07720853682929023,4.410762322084529,-0.9176266476479599,0.3236052161734414,-0.2307401126629428,3.9948954830509846,25.475178249360397,20.81482937541648,17.87555712923703,8.030239715767955,2.325299394503793,4652.0,9478.719532345098, 0.0, 0.0,0.0,NaN, 95.89862748704712,95.89862748704712,0.0, 17.400713152157273, 1.0319393594707509, -4.2855104804265185, 1.0319393594707509, 19.088801892916702, 0.2852720452709009, -4.2855104804265185, 0.2852720452709009, 33.402252121703356, 3.3406554829402926, 1.8480984057446042, 2.0, 0.0
809, 0 ,1.0,1.0,1.0,222.4872024342223,5.9844281367460175,33.70753534991945,5.518017009669204,3.954177424759655,6.173439078488048,24.0,15.0,26.0,-0.05127934812844931,0.11860445452983942,0.9916165649187196,6.203014409690998,0.9939095375498549,0.10303920327035328,0.03907369648298634,5.529425477815691,-0.09754106634108031,0.9875808351497568,-0.12316588172848386,3.8914582099425767,26.84947077865526,24.47206412081863,17.12328126949161,8.783858043072994,2.6531526078275287,5587.0,11251.056932448611, 0.0, 0.0,0.0,NaN, 84.73632695581736,84.73632695581736,NaN, 30.44851171899866, 1.438408199709566, -0.5872402402864834, 1.438408199709566, 15.635519106478899, 2.806435578207087, -0.5872402402864834, 2.806435578207087, 38.11135005580336, 2.9982182177102734, 1.71230100210788, 2.0, 0.0
810, 0 ,1.0,1.0,1.0,145.38907760648027,59.34099817089104,31.327933106872223,3.9547896904482305,4.8258947185566585,4.5580036094553975,18.0,22.0,19.0,0.26368220645238655,-0.7908454220305298,0.5522999297969848,4.996367639911147,-0.32240587362764567,-0.6118907293262174,-0.722249394610355,4.52723952331631,0.9091348341422162,0.012379572609074827,-0.4163179068106738,3.7743119822622675,22.520118938157577,20.56788034745189,17.056444359748568,7.443496206107381,2.0734952287724804,3827.0,7900.393425159826, 0.0, 0.0,0.0,NaN, 160.12737849577601,160.12737849577601,NaN, 15.640361495675611, -1.0020241119563034, 3.0163855771798462, -1.0020241119563034, 23.289259834593054, -1.9192455459807323, 3.0163855771798462, -1.9192455459807323, 20.77539690380843, 2.7243918037177814, 1.537896209137981, 1.0, 0.0
812, 0 ,1.0,1.0,1.0,178.07932633634366,248.7415181840371,171.69196973395168,4.117128741030475,4.443424844505212,5.126690433138018,18.0,19.0,24.0,0.02953150075252714,-0.3726859043613707,0.9274875239881399,5.248104094499974,0.1870684558898367,-0.9094369372956215,-0.37138908154838274,4.307213285627034,-0.9819028889224716,-0.1844713359107756,-0.042860739062667366,4.1088983123977165,23.75044419316083,19.351968844633433,18.738219277006436,7.636499780953953,2.159073716134934,4097.0,8612.420170709469, 0.0, 0.0,0.0,NaN, 184.26891559736916,184.26891559736916,0.0, 16.95074907021919, -0.40126761284160445, 0.17600923516369565, -0.40126761284160445, 19.744024348766164, -3.120869917438397, 0.17600923516369565, -3.120869917438397, 26.282954797228875, 2.8591562050681363, 1.6395533631866024, 0.0, 0.0
813, 0 ,1.0,1.0,1.0,248.74556868537667,295.397341211226,176.78471196454947,6.19315200578023,2.53589160934143,4.130867300114672,26.0,10.0,18.0,-0.9908022533833227,0.03813370350539651,0.12983341383285163,6.227193763967198,-0.12850483194338325,0.03544868138970062,-0.9910751228614986,4.086729983191011,0.04239578820747226,0.9986436860285525,0.030222268240043065,2.524012389565522,26.058659119137502,17.546893866230477,10.531283815320535,7.4089107351648025,2.6377991565972327,2708.0,4815.413999966324, 0.0, 0.0,0.0,NaN, 133.52980342594068,133.52980342594068,0.0, 38.35513176669969, -1.2715036578527772, -2.8531512025204484, -1.2715036578527772, 6.430746254328269, -0.20249264174862097, -2.8531512025204484, -0.20249264174862097, 17.064064651156677, 2.6575264615863783, 1.697278302073047, 2.0, 0.0
814, 0 ,1.0,1.0,1.0,50.605800532701984,75.09795797573247,215.36460491269605,3.902743600165097,4.604210019035621,4.2049030256044615,17.0,20.0,19.0,0.10403355475361785,-0.9089295578027442,0.4037624034476635,4.716996383378411,0.42698740082452563,-0.3258317589897858,-0.8435137369188118,4.1424375292849,-0.8982531820274515,-0.26015519173395313,-0.3542040332794476,3.8342565639145976,20.497132021987255,18.440122150411383,16.497275112115915,7.095134917148537,1.9417588599552997,3379.0,6235.468775772899, 7.105427357601002E-15, 0.0,0.0,84.02851161837347, 123.95079846965301,123.95079846965301,0.0, 15.23140760862962, -1.0557916473288964, -0.5683179213639686, -1.0557916473288964, 21.198749899387995, -2.094609122847686, -0.5683179213639686, -2.094609122847686, 17.68120945473755, 2.921826589536159, 1.5334910587001387, 1.0, 0.0
815, 0 ,1.0,1.0,1.0,70.31979256698358,64.7934312878133,222.3189282627485,4.3079736945035725,4.300003357832836,4.191606023050627,19.0,18.0,17.0,0.41066386468194177,0.8173258862052671,-0.40414550100584695,4.348640121832341,-0.9092360839029664,0.33395787237376184,-0.2485193819571999,4.300509718749461,0.06815375245201291,-0.46952160250446984,-0.8802866185557658,4.148876056489778,20.82768069883241,19.946551526655725,18.524138742787358,7.134739445387826,1.9271015356770747,3471.0,7695.675724549584, 0.0, 0.0,0.0,NaN, 123.19663498229242,123.19663498229242,0.0, 18.558637352534763, 0.1807235005840521, 0.00777575002858228, 0.1807235005840521, 18.49002887737366, -0.6670493908410778, 0.00777575002858228, -0.6670493908410778, 17.569561052474295, 2.708021352817263, 1.5470515774254834, 0.0, 0.0
819, 0 ,1.0,1.0,1.0,230.5567556120288,183.81533248623464,33.807708598051676,4.2104549462875775,4.888917918021119,5.1806296971595565,19.0,21.0,23.0,0.23164331829846213,-0.11112675746863843,-0.9664327275409211,5.224330525247112,0.28988184958968993,-0.9404360731437067,0.17761898999967646,4.972302907890284,0.9286064216696641,0.3212955587999172,0.18563210263666952,4.055976784710938,24.40508974887362,22.666425433144084,18.828321045490156,7.976444070508066,2.201070946837897,4722.0,10415.378090084969, 0.0, 0.0,0.0,NaN, 139.5141652917813,139.5141652917813,0.0, 17.727930854717528, -2.5344153126452635, -2.0013693147559897, -2.5344153126452635, 23.90151840914795, -0.21742441814883734, -2.0013693147559897, -0.21742441814883734, 26.83892405909152, 3.2086851842912867, 1.6826181623335228, 1.0, 0.0
820, 0 ,1.0,1.0,1.0,137.3024777933614,251.42215988779805,36.51449275362319,5.122907188185583,4.270471671163659,4.529334067933456,23.0,19.0,20.0,-0.9411348138067139,0.24977359158123885,-0.2277683366704208,5.142250054039508,-0.33389608886907646,-0.5818286314356352,0.7416123282953633,4.998255306932287,0.05271303518993578,0.7740081372894895,0.6309776060453492,3.6838406209242276,23.548212218346848,22.754201654930228,16.56762541165091,7.76041638431032,2.1844704150079863,4278.0,8877.27779568814, 0.0, 0.0,0.0,NaN, 150.15020858865816,150.15020858865816,0.0, 26.244178058763517, -0.8088534115966771, -0.06656232426095807, -0.8088534115966771, 18.23692829421134, -5.656422139561337, -0.06656232426095807, -5.656422139561337, 20.514867098942624, 2.770718996939452, 1.5733547928609342, 0.0, 0.0
822, 0 ,1.0,1.0,1.0,109.39770216526735,97.14471939902784,68.76646045072913,4.815145316088682,5.220337553266858,4.198250711413794,20.0,24.0,17.0,0.5231826489655875,-0.8094944439945312,0.26645573922010946,5.394107105389301,-0.6987130699501736,-0.5864506072832892,-0.4097264100565949,4.874985639325047,0.48793438257838967,0.028185641008244285,-0.872425130276977,3.8988435686686134,24.09679838494138,21.83989236255178,18.406582809653635,7.935384095204818,2.256664991210461,4526.0,9686.859632368642, 0.0, 0.0,0.0,NaN, 161.6594563552596,161.6594563552596,0.0, 23.18562441505077, -2.37549600491606, 4.388946351897393, -2.37549600491606, 27.251924170048202, -0.9392469278010525, 4.388946351897393, -0.9392469278010525, 17.62530903588643, 2.5552416165160543, 1.5244649195294055, 0.0, 0.0
823, 0 ,1.0,1.0,1.0,149.48303593867806,58.35084192008042,86.25659713495853,4.340542923881079,4.884239870772906,4.2907937334873845,18.0,21.0,19.0,0.2839808039346106,0.9349473301657593,0.212669680050005,4.941925703243093,-0.6797650977243453,0.352740901217298,-0.6430344225033526,4.467278685357721,-0.6762206111266233,0.03804400641793328,0.7357162079655498,4.089965078531882,22.176763682811313,20.308614493984493,18.950452072064948,7.533142544624292,2.0877706423376035,3979.0,8534.892179512097, 0.0, 7.105427357601002E-15,0.0,20.780362554482974, 182.18177553072886,182.18177553072886,0.0, 18.840312874054106, 1.2688318244798757, 1.8760543620532057, 1.2688318244798757, 23.855799115247738, 0.7976351846187211, 1.8760543620532057, 0.7976351846187211, 18.41091086333461, 2.7450386235374817, 1.5557130083806119, 1.0, 0.0
824, 0 ,1.0,1.0,1.0,239.34606205250597,103.50477326968974,119.03609785202865,4.676611435263338,3.691808791938002,4.319871114267808,20.0,16.0,19.0,-0.9973060833809678,0.06999332680510036,-0.02194334190747677,4.680778274398611,-0.035541834677417686,-0.1994135405378351,0.9792706560690604,4.345509772105768,0.06416661155988458,0.9774124892044905,0.20136402833674963,3.6562675890863297,20.38386166927475,19.709835672033563,16.297994330184878,7.097497203149041,1.9460129927221745,3352.0,6547.923987917581, 0.0, 0.0,1.4210854715202004E-14,88.7426382010861, 169.00216232340364,169.00216232340364,0.0, 21.87069451643581, -0.5571411076491927, -0.005033862873876262, -0.5571411076491927, 13.629452156230728, -1.090118605498946, -0.005033862873876262, -1.090118605498946, 18.66128644388539, 2.5607611959564514, 1.4867040197576074, 0.0, 0.0
826, 0 ,1.0,1.0,1.0,174.29496402877697,269.93618008818754,141.1631469018334,5.398660275765873,4.5180705100186325,4.009801976233731,23.0,19.0,18.0,-0.9888258402057646,-0.14903768326153205,-0.003350628209615909,5.417812766835368,-0.12599522078292424,0.8475359800822118,-0.5155656765204084,4.748516443320051,0.07967849196129403,-0.5093825001255139,-0.8568435134169218,3.7061978099226147,24.074281589457513,21.041280510598483,17.08963418909204,7.795597656152585,2.2058247842083896,4309.0,8656.817635461526, 2.8421709430404007E-14, 0.0,0.0,8.573345116159814, 191.39650827391014,191.39650827391014,0.0, 29.14553277313245, 1.3604351608061431, 0.6241912944464575, 1.3604351608061431, 20.412961133500026, -3.842918218147052, 0.6241912944464575, -3.842918218147052, 16.07851188860793, 3.071076141782304, 1.6372183045149955, 0.0, 0.0
827, 0 ,1.0,1.0,1.0,154.602293671923,288.32459553553144,142.36063895146427,4.835056431570626,5.348255127162345,4.362818222175186,21.0,23.0,18.0,-0.4036633620482079,0.8564728622294782,0.3217298966592677,5.589639319165142,0.8754196275372138,0.4637683547174899,-0.1362328480405463,4.716459159241415,-0.26588788212805675,0.22665645683959296,-0.9369794473254889,4.186493965394606,26.368919314649474,21.13147089364338,18.478712955269827,8.108756093633442,2.294310583900491,4883.0,10296.598502967607, 0.0, 0.0,0.0,NaN, 203.8218820380771,203.8218820380771,0.0, 23.377770696472478, -2.826875992217474, -2.3441816826247037, -2.826875992217474, 28.603832905218308, 3.4817504120272464, -2.3441816826247037, 3.4817504120272464, 19.034182839743846, 2.750671192310932, 1.6162717992019384, 0.0, 0.0
829, 0 ,1.0,1.0,1.0,165.21712448860316,160.0406195207481,162.7592051431911,4.2314564860423065,4.080478890262696,4.524483206617429,19.0,18.0,20.0,0.49726413158098043,0.4437441246372292,0.7455330544603321,4.83718536450726,-0.6888238624974973,-0.3205270361158084,0.6502185060215093,4.112627793004226,-0.5274941420499776,0.8368712989275913,-0.14627494363083407,3.8359367356250886,21.5340866353053,18.0780457856648,16.46623632398385,7.149595783727976,1.9773114027415577,3422.0,6410.210365017372, 2.8421709430404007E-14, 0.0,0.0,60.1808391304975, 237.88671145775544,237.88671145775544,0.0, 17.9052239932695, 2.401759116330845, 2.234339736589417, 2.401759116330845, 16.650307973879478, 2.4145150453233373, 2.234339736589417, 2.4145150453233373, 20.47094828696313, 2.5975316096682914, 1.522575425133812, 0.0, 0.0
830, 0 ,1.0,1.0,1.0,133.24855624855624,290.7059367059367,171.04620004620006,4.3577740697836695,4.703710449257023,4.879389855946245,19.0,19.0,21.0,-0.3974779911794208,-0.4951191657015365,0.7725724938690135,5.196675926187867,0.17668062625812525,-0.8674789509672438,-0.465042176510698,4.533184756846644,-0.9004416709776427,0.04834543808659862,-0.4322817550894392,4.167532540786271,24.790369632768133,21.550882788264516,18.959144199681845,7.76118513228167,2.1650721795102914,4329.0,10129.005265384976, 0.0, 0.0,0.0,NaN, 185.66270459455063,185.66270459455063,0.0, 18.990194843278925, 1.4089656050848114, -3.2207695194528227, 1.4089656050848114, 22.124891990449704, -2.402907678721963, -3.2207695194528227, -2.402907678721963, 23.80844536631112, 2.747129597291299, 1.467319273980185, 0.0, 0.0
832, 0 ,1.0,1.0,1.0,76.03205862147928,281.54064575223265,191.60361804442408,4.958483737845006,5.284932316489347,3.762921036572269,22.0,23.0,16.0,-0.33916282627664457,0.9309307761627165,0.13541221239283152,5.340027601818276,0.920358560550482,0.35815545547195476,-0.1570502777365296,4.9541784290771,0.19470155955585733,-0.07136217281416923,0.9782631256455279,3.6901038739459735,24.801771523919797,22.66098177667419,16.82041936766356,7.85434679046328,2.232908818327476,4367.0,9453.622222654656, 0.0, 0.0,0.0,NaN, 133.68394562745272,133.68394562745272,0.0, 24.58656097847338, -1.1022877044452957, -2.2636836561070104, -1.1022877044452957, 27.93050958987346, 1.263535103529839, -2.2636836561070104, 1.263535103529839, 14.159574727478121, 2.7779059807482263, 1.575462610404957, 1.0, 0.0
835, 0 ,1.0,1.0,1.0,191.6100307062436,7.64517229614466,248.52132378027977,4.088965650108105,4.5191498669125005,3.546898696937485,18.0,17.0,15.0,-0.4522663592589387,0.8893095871421631,-0.06770227839371315,4.647382070833876,-0.8013299250141946,-0.43850215693206235,-0.4069228546575798,4.0429233963511315,-0.39156799097910094,-0.12978565630671368,0.9109501588218897,3.4321212497003337,20.8162684060989,18.089272734040293,14.713113657845042,6.794488867046092,1.8862043922390819,2931.0,5540.239963620299, -2.8421709430404007E-14, 0.0,0.0,63.110815555544676, 120.23680055737502,120.23680055737502,1.9073486328125E-6, 16.719640087763995, -2.3447861021858536, 1.7894483387443476, -2.3447861021858536, 20.422715519615274, 0.2235335146676749, 1.7894483387443476, 0.2235335146676749, 12.58049036633683, 3.4415650425185853, 1.6257897574230349, 1.0, 0.0
836, 0 ,1.0,1.0,1.0,204.07890222984562,295.34090909090907,251.1329331046312,5.089654272451369,2.5412528879372007,4.3505678114442246,21.0,11.0,19.0,0.8617421347763718,-0.015809810703321735,0.5071001311739001,5.440477744161018,0.5073442351607538,0.02985415011193086,-0.8612261937320784,3.904722230582061,0.0015232203421990933,-0.9994292269123507,-0.03374759536870262,2.538569154620989,23.827144400788143,17.100754913744723,11.136327979221619,6.804034993053569,2.234970905584351,2332.0,4537.632216046254, 0.0, 0.0,0.0,NaN, 107.75228235395822,107.75228235395822,0.0, 25.904580613082477, -0.18213004833930618, 6.272101333082263, -0.18213004833930618, 6.457966240449164, -0.4119561827537847, 6.272101333082263, -0.4119561827537847, 18.92744028197459, 2.9045657029512815, 1.5770938017209355, 0.0, 0.0
838, 0 ,1.0,1.0,1.0,125.46966731898239,268.90345727332027,274.84605348988913,3.811425773319852,4.401395710294438,4.093705780985556,16.0,19.0,19.0,-0.4551869071802534,-0.7881934820002501,0.4141930883826977,4.671271670866831,0.16187943054019552,-0.5306828801261348,-0.831967986589035,4.042694723447565,-0.8755569253336176,0.3116515934073693,-0.3691522109198188,3.5346170931751435,20.476509490868153,18.317031480222965,16.342619780633783,6.86503447251748,1.8785577809975469,3066.0,6129.607916791037, 0.0, 0.0,0.0,NaN, 131.6903694721898,131.6903694721898,0.0, 14.526966425526831, 3.015662598310105, -2.277011423822669, 3.015662598310105, 19.372284198598283, -1.3452603284386444, -2.277011423822669, -1.3452603284386444, 16.758427021274564, 3.88665889151059, 1.6811777312735134, 0.0, 0.0
841, 0 ,1.0,1.0,1.0,18.844880285277636,214.71497707590422,209.75496688741723,5.201211997107223,4.00108426937003,4.3948714538305005,22.0,18.0,18.0,-0.9987447335586557,0.050079746096250224,-9.880383520238227E-4,5.203878287784963,-0.014621136142798415,-0.27261074069159885,0.9620133088671232,4.4279668713248315,-0.047908032382302145,-0.9608201720876351,-0.2730007643629287,3.9609262575206654,22.22871109888382,19.153439338371072,18.386766155029164,7.60045918597831,2.1469040098301377,3926.0,7828.280968221423, 0.0, 0.0,0.0,NaN, 125.58993052638078,125.58993052638078,0.0, 27.052606238852107, -0.554146449509511, -0.04386784655193996, -0.554146449509511, 16.008675330600305, -1.028067257508946, -0.04386784655193996, -1.028067257508946, 19.31489509569422, 2.2590983520492993, 1.3350421187511379, 0.0, 0.0
845, 0 ,1.0,1.0,1.0,181.79106177056647,24.60518075718759,253.8158269285511,4.2575309388543365,3.9821472403662237,4.678744081251449,17.0,17.0,21.0,-0.20334093065796352,-0.2520949740772531,0.9460975583755314,4.750968627444104,0.9748545331840605,-0.142098910794127,0.171658203071133,4.237628090916188,0.09116526229678105,0.9572126323843163,0.27465045303848923,3.917335546161907,22.34856918022018,18.1413126334553,17.73703227802261,7.209370748345579,1.9747622464498027,3513.0,7191.16721786604, 2.8421709430404007E-14, 0.0,2.8421709430404007E-14,68.59452462148441, 129.27391786326217,129.27391786326217,0.0, 18.12656969530189, 0.008597402725786966, -0.9530836989591605, 0.008597402725786966, 15.857496643956331, -1.7872041133218406, -0.9530836989591605, -1.7872041133218406, 21.89064617784547, 2.6315458886666816, 1.5202572429312244, 0.0, 0.0
848, 0 ,1.0,1.0,1.0,13.466541588492808,40.38961851156973,87.61382113821138,3.948698535206445,4.387091450970909,4.422003835279692,18.0,19.0,19.0,0.4631342940615396,0.44140500281670997,0.7685494448326011,4.951160951152527,-0.43758005179546805,0.8679765121677611,-0.2348200855884435,4.291796489138796,0.7707336270948573,0.22754867130675407,-0.5951397132201279,3.3851731967434393,23.107804097370945,18.366788662206286,14.37751227281268,7.0873598278898635,2.040156883762686,3198.0,6102.048467286822, -1.7763568394002505E-15, 0.0,0.0,62.41045655673513, 97.41073185385292,97.41073185385292,0.0, 15.592220121941526, 0.02523113844213934, 5.361844547150917, 0.02523113844213934, 19.246571399182038, 3.0100621831734258, 5.361844547150917, 3.0100621831734258, 19.554117919228304, 2.4648015821274556, 1.3958579049661894, 2.0, 0.0
850, 0 ,1.0,1.0,1.0,57.62297843665768,100.48517520215633,115.86691374663073,3.6605970337828473,3.8079461760661006,4.762288365380692,16.0,16.0,21.0,-0.09408180596488748,0.30180179288184583,0.948717182093636,4.849205871115443,0.6737082964796047,-0.6823046748773854,0.2838616950118747,4.022645515069257,-0.7329841369640504,-0.6658648575002057,0.139133915726169,3.298990857554661,21.82795338722231,17.284424773079955,14.473010971284907,6.845982384811461,1.9267434664343572,2968.0,5460.429946532957, 0.0, 0.0,0.0,NaN, 163.83778495966286,163.83778495966286,0.0, 13.399970643739781, -2.794167435575157, -0.11419255981139223, -2.794167435575157, 14.500454079816437, 2.5905135461090767, -0.11419255981139223, 2.5905135461090767, 22.679390475040304, 2.998976185014145, 1.5383012463687702, 0.0, 0.0
851, 0 ,1.0,1.0,1.0,47.55958711291836,215.06850172036283,186.51016578041913,4.082657794676863,4.019190675850806,4.366066136003054,18.0,18.0,20.0,-0.5553604928772002,-0.18930850959907786,0.8097759018052892,4.551193464084597,0.4053304527522612,0.7886319875800915,0.46234923189848703,4.118293289352863,0.7261418229401474,-0.5849973302151471,0.3612425454155555,3.7697241671744695,20.443081281136344,18.061333000397894,16.731130449926567,6.952060472733137,1.885040329726612,3197.0,6177.623560356475, 0.0, 2.8421709430404007E-14,0.0,79.08756763145347, 149.5166084338567,149.5166084338567,0.0, 16.668094668435746, 1.562543141154482, -2.4090355274225255, 1.562543141154482, 16.153893688846054, 0.005715888047608547, -2.4090355274225255, 0.005715888047608547, 19.062533503952636, 2.6001027660851634, 1.5303773270131775, 0.0, 0.0
852, 0 ,1.0,1.0,1.0,106.51441829632086,3.514086841233013,195.6983758700696,4.730931328786072,2.4639025576253872,6.550169003018273,19.0,9.0,28.0,0.41655191054212376,-0.0035575725824355175,0.9091049716622537,6.953993555995588,0.908865877642381,-0.02163465202721504,-0.4165270198786692,4.115096760035258,-0.021149994823888314,-0.9997596138617432,0.005778599308438729,2.4627613156745483,30.877229188755564,18.409678363125593,9.263193661259226,7.9095690314936435,2.9657981649635685,3017.0,5265.568490447045, 0.0, 0.0,0.0,NaN, 149.11907626951225,149.11907626951225,0.0, 22.38171123768955, -0.2763880601901368, 11.901266373765962, -0.2763880601901368, 6.070815813472925, -0.03884023018825052, 11.901266373765962, -0.03884023018825052, 42.9047139681014, 2.944442022802974, 1.6697921043620174, 0.0, 0.0
853, 0 ,1.0,1.0,1.0,148.08258642765685,209.28201024327785,245.7618437900128,3.594823632218347,4.514188365490252,4.3361038207538485,17.0,21.0,19.0,0.042004459281993194,0.9757276363246711,0.21492139286887438,4.525032055257247,0.03795393245934328,0.21339769322109284,-0.9762279055316891,4.32730089898042,-0.9983962762407014,0.049163037336864404,-0.02806904609200457,3.5917964472972,20.97699801729351,19.18852328476538,17.078037825612796,6.953544194527778,1.9366654396120773,3124.0,6874.211052725925, 0.0, 0.0,-2.8421709430404007E-14,77.58908436022337, 181.93400907379623,181.93400907379623,3.814697265625E-6, 12.922756946755507, 0.3576316764514396, -0.1474249993032299, 0.3576316764514396, 20.377896599127556, 0.37510103104951625, -0.1474249993032299, 0.37510103104951625, 18.801796344356124, 2.4142356818391635, 1.4203270033151967, 0.0, 0.0
854, 0 ,1.0,1.0,1.0,5.405545399146861,239.74192565508835,262.5831809872029,3.507249351200698,4.794319556422774,4.595118080509411,13.0,20.0,20.0,0.08203801326114632,-0.787407593229916,0.6109492994545742,5.10138790986528,0.06046921959475106,-0.6079536444947631,-0.7916664952030856,4.265155119303815,-0.9947930628335553,-0.10189037378185391,0.0022613864836293967,3.490802399990136,22.18533331705609,19.04489233894583,14.071195020305648,7.205912905990548,2.1157096647932616,3282.0,5945.323110028841, 0.0, 0.0,0.0,NaN, 71.13560142330667,71.13560142330667,0.0, 12.300798011497719, -1.1147175645711986, 0.40608961183209036, -1.1147175645711986, 22.985500009097866, -3.7666196538205816, 0.40608961183209036, -3.7666196538205816, 21.115110173824494, 2.755128482832261, 1.4878970808567076, 0.0, 0.0
858, 0 ,1.0,1.0,1.0,34.84795247724975,8.082912032355916,10.337335692618806,11.641380936337402,5.306191054982645,6.771164354333551,48.0,19.0,28.0,-0.9711076664723524,-0.027637098618115943,0.2370360540057028,11.885248694307293,-0.23829072975084195,0.16615472473976245,-0.9568751933044688,6.3680788313794805,0.01293940622413274,0.9857123303614632,0.1679397914132936,5.264457788044118,51.95020740682818,32.14431504063167,22.630240187546384,13.553312875829159,5.082695192531248,15824.0,37790.32483793782, 0.0, 0.0,0.0,NaN, 37.23672606448305,37.23672606448305,0.0, 135.52175010491987, 2.539085335556647, -23.20932572823294, 2.539085335556647, 28.155663511977835, -2.7849206539886375, -23.20932572823294, -2.7849206539886375, 45.84866671339729, 5.187313727087165, 3.6563803796197707, 0.0, 0.0
859, 0 ,1.0,1.0,1.0,4.374233128834356,32.056417659088176,99.01251052568267,3.1853742345819884,7.465374098569997,8.645557430672667,13.0,35.0,39.0,0.01946860357864231,-0.11775689604325591,0.9928515935974299,8.66279988556108,-0.011983300031229636,-0.9929959589296244,-0.11753904061969478,7.4474487995745795,-0.9997386528463624,0.00960931754572383,0.020743360895627273,3.18048538016387,39.81996142184636,35.671204287431955,13.398810935761174,11.176161082213849,3.9645310185956033,8313.0,19032.01913545592, 0.0, 0.0,0.0,NaN, 104.16441364111697,104.16441364111697,0.0, 10.14660901433879, 0.39077164231645445, 1.3189077053531977, 0.39077164231645445, 55.7318104315998, -2.2981916800848206, 1.3189077053531977, -2.2981916800848206, 74.74566328705939, 4.172608108905826, 2.5612876874070314, 2.0, 0.0
861, 0 ,1.0,1.0,1.0,7.828239112794157,18.511766296997564,128.85474709223695,4.311508770854388,5.347429874826189,3.725174763525523,17.0,23.0,16.0,0.14269640513048337,0.9859217328599247,0.08715545099028496,5.373531672551973,-0.9280514991618636,0.16388661687495118,-0.3344571597569719,4.370639926537786,-0.34403219452001094,-0.0331589125841906,0.938372173313968,3.6171404676594983,23.452910875130854,19.763625698807076,16.27241141716634,7.503056022703419,2.1829318556286963,3697.0,7542.499489347395, -8.881784197001252E-16, 0.0,0.0,81.79609422134165, 130.41285468559488,130.41285468559488,0.0, 18.58910788115432, 1.3061865292381538, 2.064583284709365, 1.3061865292381538, 28.595006266183635, 1.0269998651576127, 2.064583284709365, 1.0269998651576127, 13.876927018807436, 2.3727793743280197, 1.3456405606821062, 0.0, 0.0
863, 0 ,1.0,1.0,1.0,241.22723521320495,282.77083906464924,176.2082530949106,4.486761934688239,4.482216394559995,4.2061510079680176,20.0,20.0,18.0,0.6268449209565912,0.5230787943695222,0.5774547774084581,4.901673530618348,0.6219403216436017,-0.7823459796645145,0.033541085501585924,4.401381715372553,-0.4693140541095888,-0.33811735090601125,0.815733397398637,3.8097819311451078,21.97724591523729,20.241848448881157,17.457575515917824,7.329059433365149,2.0488754452775746,3635.0,7766.178460519329, 0.0, 0.0,0.0,NaN, 138.11400533267388,138.11400533267388,0.0, 20.13103265856735, 0.7552371203850787, 3.5444244686668007, 0.7552371203850787, 20.090263807662396, 2.7456602002917556, 3.5444244686668007, 2.7456602002917556, 17.69170630183037, 2.584265278039969, 1.556649966942538, 0.0, 0.0
864, 0 ,1.0,1.0,1.0,84.03098290598291,206.57986111111111,219.91426282051282,4.59608964877069,4.71484181219721,3.818585005436726,19.0,20.0,17.0,0.6497555833594225,0.737746141652929,0.18316198396357242,4.883218361825529,-0.6872423397095466,0.673100985338586,-0.2731904647801101,4.509789568343786,-0.3248317232103475,0.05163035940646439,0.944361507889725,3.7082800996302736,22.004586543058906,20.17999247290718,16.54250539963121,7.343579499799651,2.001800426478194,3744.0,7345.7390726665, 0.0, 0.0,0.0,NaN, 149.00420711425156,149.00420711425156,0.0, 21.12404005953708, 1.7918632775403627, 2.4380196348345304, 1.7918632775403627, 22.22973331404307, 0.1528139467592565, 2.4380196348345304, 0.1528139467592565, 14.581591443746198, 3.551873516761021, 1.8095248772148511, 0.0, 0.0
865, 0 ,1.0,1.0,1.0,199.43692388727942,177.25809849881486,229.19120358177508,3.9654201656409827,5.061930484973246,4.283205383105826,16.0,21.0,17.0,-0.05815586858400499,0.9963312241968318,-0.0627852422124984,5.069967985121696,-0.5190523275499698,0.023545291205873963,0.8544181063899509,4.453413526830654,0.8527617347267633,0.08227825321719436,0.5157787440689353,3.7624564140363357,21.402090777691,19.16262598247826,16.8275077424467,7.441237501289044,2.0788290280947854,3797.0,6901.301864214489, 0.0, 0.0,-2.8421709430404007E-14,86.40030296576408, 173.75958192737772,173.75958192737772,0.0, 15.724557090072159, -0.7385265761216284, -2.475429745105324, -0.7385265761216284, 25.623140234701477, -0.608211617102878, -2.475429745105324, -0.608211617102878, 18.345848353866728, 2.5320414464537144, 1.428301400667997, 1.0, 0.0
866, 0 ,1.0,1.0,1.0,69.89806496199033,68.44125777470629,243.02038700760193,3.9934694947272167,3.854717974642174,4.273954693694846,18.0,17.0,18.0,-0.5567189227974199,0.32492698909972345,0.7645171631519261,4.654565748225881,0.1651016018513778,0.9452471540902398,-0.28151248418216,3.749158267413619,-0.8141286766017948,-0.030500318668663547,-0.5798829437875545,3.654061846004948,20.955598674000214,17.19192329376014,17.542268121273963,6.7536976496580685,1.860351055609021,2894.0,6319.901098267237, 0.0, 0.0,0.0,NaN, 113.2105187161417,113.2105187161417,0.0, 15.947798605316851, -1.3938593491574458, -3.5708313174697364, -1.3938593491574458, 14.858850664029465, 1.8776661338260092, -3.5708313174697364, 1.8776661338260092, 18.266688723756207, 2.7454414050292377, 1.5275897931404205, 0.0, 0.0
868, 0 ,1.0,1.0,1.0,24.688468158347675,97.95938037865749,252.86506024096386,3.9460677253935263,3.691139639241432,4.4412827694673425,17.0,15.0,19.0,-0.42330321055990394,0.1467205086040864,0.8940287938789417,4.553542107485793,0.6937005959339377,-0.5822371183109083,0.42400403448777285,4.016024365594542,-0.5827468362252831,-0.7996705761849484,-0.14468273723376898,3.472428190538158,20.635849727880498,18.455438161398533,15.857563488173525,6.74676193444942,1.844494068302554,2905.0,6039.252336120711, 0.0, 0.0,-2.8421709430404007E-14,26.6160473412892, 111.47763547126492,111.47763547126492,NaN, 15.57145049339244, -2.1830501746351065, -2.08644422785808, -2.1830501746351065, 13.62451183637937, 0.133245131990961, -2.08644422785808, 0.133245131990961, 19.72499263836751, 3.200131930449333, 1.5481295332055713, 0.0, 0.0
870, 0 ,1.0,1.0,1.0,292.45355031744873,49.359629278260236,272.3873604320222,4.45088979472152,8.461449542482551,8.793942384876742,18.0,40.0,40.0,0.005207915926894912,-0.5882780065765273,0.808641987897021,9.154650174394968,-0.030740362311418093,-0.8083649591334101,-0.5878784933727403,8.072581406179028,-0.9995138356904627,0.021796325919464888,0.022293775807415886,4.445872312418422,42.15400339516145,35.10237241984157,18.3915421071859,12.345219050310883,4.041724581549223,13703.0,27214.066490684978, 0.0, 7.105427357601002E-15,0.0,53.96509468612891, 57.05944066681355,57.05944066681355,6.743495761743046E-7, 19.810419964756175, 0.9319786933965349, 1.0901667456018889, 0.9319786933965349, 71.59612835997817, -8.889725768737042, 1.0901667456018889, -8.889725768737042, 77.33342266853164, 5.015105404090788, 3.1725729920549446, 1.0, 0.0
871, 0 ,1.0,1.0,1.0,281.92303127913874,42.06883105874375,292.3404255319149,8.820649520529175,8.417388511987042,4.146066347494009,40.0,36.0,18.0,-0.8002061450264237,0.5978845170428184,0.04694922515256116,9.295955399913169,0.5996330570506037,0.7989990553946154,0.04517417814038929,7.904908097652091,0.010503444868132587,-0.06430096234884516,0.9978752747146881,4.116284083255785,42.808035966072254,37.20860815711069,19.24393331242112,12.171485167586898,4.207267794991743,11797.0,30652.264961141143, 0.0, 0.0,0.0,NaN, 46.424480889033745,46.424480889033745,9.5367431640625E-7, 77.80385796401157, -11.416758616483907, -1.376273087820656, -11.416758616483907, 70.85242936173142, 3.5939284960655224, -1.376273087820656, 3.5939284960655224, 17.18986615782231, 3.711983015527258, 2.5781657106699543, 1.0, 0.0
872, 0 ,1.0,1.0,1.0,282.6504153913424,101.16353301268036,3.3465238303454306,7.114191557390805,6.448878673108296,2.3374931040680558,30.0,27.0,8.0,-0.8918534787275624,0.4523236972965622,8.033339987307726E-4,7.330591001054923,0.4521666026775494,0.891587830469294,-0.024829498224917267,6.203433980128072,-0.011947213256183599,-0.021781033561930847,-0.9996913777123344,2.3331253924151447,30.877693300958185,26.40951543382684,8.516782185730577,9.335555533586799,3.2420725696080153,4574.0,6945.137084944493, 0.0, 0.0,0.0,NaN, 102.69502285625973,102.69502285625973,0.0, 50.611721515250615, -6.162551533170996, -0.40553309909874463, -6.162551533170996, 41.58803614047102, -0.7138609149756041, -0.40553309909874463, -0.7138609149756041, 5.463874011565714, 3.674321840091673, 2.0395029722257587, 0.0, 0.0
873, 0 ,1.0,1.0,1.0,236.93786488740616,4.138448707256047,45.804003336113425,4.8649716411627315,2.871448927739572,4.030217471060608,21.0,11.0,18.0,0.9812399793931939,0.019022490438090043,0.19184954442994517,4.896064934863342,0.1908539029041132,0.04484078485543624,-0.9805937445037142,3.9950474368810696,0.027256019274869748,-0.9988130199747508,-0.04036905426445723,2.8677456317895627,21.660399741597246,18.077235991730518,11.460318734497546,6.631151964438824,2.0453959280529763,2398.0,4487.404212164824, -2.8421709430404007E-14, 0.0,0.0,11.115668357081297, 78.05104973205881,78.05104973205881,0.0, 23.6679490693176, 0.3601454784742081, 1.516595703536656, 0.3601454784742081, 8.245218944616736, -0.2827060498705803, 1.516595703536656, -0.2827060498705803, 16.242652864042164, 3.349757202597237, 1.6950067482037574, 1.0, 0.0
876, 0 ,1.0,1.0,1.0,287.82098501070664,114.49550321199143,134.26638115631692,3.911722443795243,3.2986729395614978,3.968630253660063,17.0,14.0,17.0,-0.6042989375402411,0.10006570833589619,0.7904490167638712,4.06367300186845,0.7965639562965438,0.05400054869916586,0.6021376954396613,3.8218189083462795,-0.017568654385948953,-0.9935143656512591,0.1123412107271536,3.2883284044397016,18.317873485177117,16.927562554062945,14.66045228543581,6.2515159383682395,1.6886059937357805,2335.0,4545.8683196999045, 0.0, 0.0,0.0,NaN, 176.87569016314805,176.87569016314805,0.0, 15.301572477291426, -0.18153304384905988, -0.9034915103466945, -0.18153304384905988, 10.881243162195293, 0.5742171315380461, -0.9034915103466945, 0.5742171315380461, 15.750026090265933, 2.5868204711463774, 1.4067770509549935, 0.0, 0.0
877, 0 ,1.0,1.0,1.0,180.60021905805039,295.50529390288426,143.4936108068638,6.488601511008518,2.4440189519739843,3.9447923527742574,27.0,9.0,17.0,-0.9995498247806288,0.004866734200622447,0.029605112383416787,6.490462108474104,-0.02962410764417711,-0.0038784487196206812,-0.9995535852978645,3.9418571888290788,-0.004749739708706429,-0.999980636079394,0.004020875395952345,2.443814320711518,27.11599918701188,16.98465405262445,9.099217948116802,7.510813721925158,2.6877950344691093,2739.0,4190.698197310129, 0.0, 0.0,0.0,NaN, 186.72687651828997,186.72687651828997,0.0, 42.10194956866203, -0.17477297420289614, -0.7865995496473548, -0.17477297420289614, 5.973228637608012, 0.04229377265441853, -0.7865995496473548, 0.04229377265441853, 15.56138670650626, 3.2763658441649426, 1.800334788778199, 0.0, 0.0
879, 0 ,1.0,1.0,1.0,41.12301587301587,83.1521164021164,233.51521164021165,3.6299677735188056,4.073645230985623,4.571930268910499,15.0,17.0,20.0,-0.17238196758775526,0.34773481696244407,0.9216099795047087,4.670155642559298,0.1480092351245081,-0.9158498181234113,0.3732457326764398,4.002879800037096,-0.9738468686443635,-0.2007476219421035,-0.1064080293782293,3.58335003442638,20.63129031789066,17.33709919140675,16.450636937587447,6.862984701795764,1.890301264723248,3024.0,5884.17447813803, 0.0, 0.0,0.0,NaN, 114.12976815839626,114.12976815839626,0.0, 13.176666036785074, -0.9691095574031987, -1.2492257705551444, -0.9691095574031987, 16.594585467931907, 1.7867072240418718, -1.2492257705551444, 1.7867072240418718, 20.90254638378003, 2.883044778610821, 1.5814495153542973, 0.0, 0.0
880, 0 ,1.0,1.0,1.0,12.645586134062247,157.89221594085853,291.72516618003357,8.213636065279603,11.660230966294213,4.200007803727798,32.0,50.0,17.0,-0.13615196606704263,0.9900886573644782,-0.034454211560909886,11.721333890120787,0.9878001287568514,0.1383264767318534,0.07153105243808214,8.150424210667985,-0.07558801336208336,0.024294781191792916,0.9968431249914985,4.152804615440722,50.14907360682162,34.704230590067596,19.24093372980792,13.961085495009893,5.1139965733842505,16097.0,33486.63272506299, 0.0, 0.0,0.0,NaN, 142.90908303401022,142.90908303401022,0.0, 67.46381741286181, -9.475300245847173, 4.038831649194945, -9.475300245847173, 135.96098618732648, -3.6117808708232104, 4.038831649194945, -3.6117808708232104, 17.640065551374406, 5.647685170505049, 3.4973023562533174, 0.0, 0.0
882, 0 ,1.0,1.0,1.0,31.759156785243743,67.22793148880105,93.1768115942029,4.74303787125358,4.846248410136459,3.884307112533374,21.0,21.0,17.0,-0.4979723338981948,0.7778710078662516,-0.3833278620099607,5.129631127518119,0.8479001015027402,0.5294646203221165,-0.027067207074239062,4.648682351109613,-0.1819037452710296,0.3385024533859387,0.9232156392241593,3.625880657089035,22.55721199439869,21.64284447798896,17.530079928986297,7.514365202538446,2.145853967131038,3795.0,8558.224131847453, 0.0, 0.0,0.0,NaN, 119.20636321452896,119.20636321452896,0.0, 22.49640824814569, -1.300571968178085, 2.3190002100399045, -1.300571968178085, 23.48612365275016, -4.047152049798542, 2.3190002100399045, -4.047152049798542, 15.087841744477355, 2.405696955162232, 1.3564808279715246, 1.0, 0.0
883, 0 ,1.0,1.0,1.0,107.09045226130654,258.4736842105263,111.90372917217667,4.389194292169985,4.545012221764928,4.424898817757027,20.0,20.0,18.0,-0.5779875328538601,-0.7486961268580815,0.3246298222486883,4.9525721581874,-0.4173945520099358,-0.07060118163936155,-0.9059786206658252,4.392636058324552,-0.7012219333548643,0.6591430670035394,0.27169508166920125,3.959629989639386,22.24393576306346,20.064166140074292,18.46823507870434,7.430519253995357,2.0710566853183683,3781.0,8242.484545359315, 0.0, 0.0,0.0,NaN, 160.359734569555,160.359734569555,0.0, 19.265026534417576, 3.9359957683152644, -0.2927996236139654, 3.9359957683152644, 20.657136095992566, -1.9194866298250237, -0.2927996236139654, -1.9194866298250237, 19.57972954738754, 2.3009180175315387, 1.4059875964534798, 1.0, 0.0
884, 0 ,1.0,1.0,1.0,75.87683615819209,170.7776836158192,150.08700564971753,4.104300506233944,4.407237146686381,4.506780900455846,18.0,19.0,19.0,-0.3433194209357587,-0.5004933524414695,0.7947566793492422,4.763862994106642,-0.45724033209904624,0.8282083569718637,0.32404042362631336,4.314417171297798,-0.8204042015435374,-0.25214543740441914,-0.5131857602134385,3.907877920650819,21.605671861773644,19.08055402106578,17.420130854478202,7.248933629927883,2.008247302057027,3540.0,7181.417398991953, 0.0, 0.0,0.0,NaN, 211.96605198035434,211.96605198035434,0.0, 16.845282645472206, 0.009624309744966033, -2.5206399821251733, 0.009624309744966033, 19.42373926713231, -2.055515975613657, -2.5206399821251733, -2.055515975613657, 20.311074084713606, 2.482116679097973, 1.4626923037872428, 0.0, 0.0
885, 0 ,1.0,1.0,1.0,209.39795570698467,81.4954003407155,159.64599659284497,3.949475963523993,4.413147767900913,3.795594615763326,17.0,18.0,18.0,-0.02534139474390569,0.916640851915322,0.39890771152283633,4.546673638885141,0.9909993301377801,-0.029433980926843052,0.13059084360425086,3.954459762957102,0.13144634410627487,0.3986266290236403,-0.9076445720954563,3.6291567752873872,20.115046132925244,17.718835616748265,17.30841195998798,6.783273876698551,1.8622479987082858,2935.0,6168.981038616777, 0.0, 0.0,0.0,NaN, 185.87489604350205,185.87489604350205,0.0, 15.598360386453775, -0.24621042519785952, 0.243433042438534, -0.24621042519785952, 19.475873221328808, 2.7334654017047306, 0.243433042438534, 2.7334654017047306, 14.40653848721155, 2.7057167758222738, 1.5126581459748791, 0.0, 0.0
888, 0 ,1.0,1.0,1.0,68.75457369692785,153.6534345875043,249.562305833621,4.813630611212994,3.4713705713621197,3.7983792756274117,20.0,15.0,17.0,-0.9920457012063122,-0.11213913470672096,-0.057185148293106315,4.832320603924902,0.03289632416605217,0.20754303101086302,-0.977672604778914,3.809209768325888,-0.12150373893193034,0.9717770859338332,0.20220320640264208,3.433327387275362,20.742489425538977,17.24306337427413,15.547120875081106,6.784336171142945,1.9031345573456147,2897.0,5560.646368902433, 1.4210854715202004E-14, 0.0,0.0,7.231474797827497, 169.3767091577273,169.3767091577273,0.0, 23.171039661206777, 1.3050024134330642, 0.568449930170713, 1.3050024134330642, 12.050413643718969, -0.4782343607333404, 0.568449930170713, -0.4782343607333404, 14.42768512151582, 2.8554510362484886, 1.4792693595065476, 0.0, 0.0
890, 0 ,1.0,1.0,1.0,294.88286713286715,86.75262237762237,104.20847902097903,2.8533969750161945,4.240991288501972,4.577592291055017,11.0,18.0,18.0,0.03799900104259324,0.05888642651781026,0.9975412095205525,4.580627760678833,-0.025828568561442417,-0.9978707840198596,0.05988976077475946,4.24067995876773,-0.9989439228334249,0.028040812605086552,0.036397140857690136,2.8489849762172583,18.48194376012239,18.227061724017943,11.459133309759636,6.558399603621227,2.0173317100884587,2288.0,3860.255767044293, 0.0, 0.0,0.0,NaN, 135.6893866079439,135.6893866079439,0.0, 8.14187429703157, 0.28308688688933625, 0.4724092559538389, 0.28308688688933625, 17.986007109149618, 0.16608353403589604, 0.4724092559538389, 0.16608353403589604, 20.954351183126313, 2.3294727357065343, 1.4443949304727426, 0.0, 0.0
894, 0 ,1.0,1.0,1.0,94.77613472992401,14.827274594372561,172.2493325118094,4.598123213082797,5.3772020891187,4.572083270957602,20.0,24.0,20.0,-0.2075925592091709,0.9694380812742732,0.13074836877086715,5.432236598104059,-0.7029413069396468,-0.05488559661518304,-0.7091269916468956,4.684931961452299,-0.6802785079355129,-0.23911791622429973,0.6928519133130691,4.416243073616454,25.05800279302679,21.358052638058183,19.322478214314756,8.115479140281863,2.2583142275009878,4869.0,10341.199872026664, 0.0, -1.7763568394002505E-15,0.0,14.201697612635082, 159.75793197810202,159.75793197810202,0.0, 21.142737082690868, -1.9193408691998144, 0.9473757317461965, -1.9193408691998144, 28.914302307222506, 1.3634603907233007, 0.9473757317461965, 1.3634603907233007, 20.903945436570364, 2.6851909869773403, 1.5595321703333207, 1.0, 0.0
895, 0 ,1.0,1.0,1.0,11.25340971085652,150.54146208401528,254.23731587561375,4.566702178650662,4.2461817437283536,4.287777296974448,20.0,18.0,18.0,-0.6299718357088406,-0.577547434789235,0.5192055920172739,4.628360299595847,-0.7684423571921323,0.366807723246452,-0.5243552591895628,4.538009518731606,0.11239141375849394,-0.7293086141923242,-0.6748904469454567,3.9057154124104514,20.3646834027781,20.629285476399275,16.567090695230263,7.305937543072564,1.9731038884045033,3666.0,6959.981710611082, 0.0, 0.0,0.0,NaN, 156.71221089746834,156.71221089746834,1.9073486328125E-6, 20.8547687884927, 0.7389475515411356, 0.1340789829664022, 0.7389475515411356, 18.03005940077196, -2.876178945197305, 0.1340789829664022, -2.876178945197305, 18.385034148449503, 2.6371066732381903, 1.3553011546702909, 0.0, 0.0
896, 0 ,1.0,1.0,1.0,282.37033962786194,11.451407622604966,290.52839454935327,9.941473616682403,7.549143203580972,4.993629434274539,41.0,27.0,20.0,-0.9689175578478281,-0.23701068697160546,0.07088512083257352,10.107442107326685,0.2152242985662222,-0.9488909914361344,-0.2308341128993458,7.471394823995715,0.12197240425964591,-0.20840302452843132,0.970407600942266,4.772490873456708,46.83375962832005,34.40640175791637,22.854073442689526,12.696214774008647,4.423225759382232,14457.0,36826.623137253315, 0.0, 0.0,0.0,NaN, 23.05755778890538,23.05755778890538,0.0, 98.83289767119228, 11.481369826974712, -7.093935423479143, 11.481369826974712, 56.989563108172774, 5.904385223138956, -7.093935423479143, 5.904385223138956, 24.936334926853053, 4.712470429053056, 3.2296024327451227, 0.0, 0.0
899, 0 ,1.0,1.0,1.0,32.0365910143585,294.7959703566466,35.82121352477999,4.992867043165644,2.936697024335108,7.087456984880837,23.0,11.0,30.0,-0.21648212658110208,0.018961334163726414,0.9761024314474659,7.180552065917845,0.9759871989016129,0.028961699749910492,0.21589397288432888,4.860915110189926,0.024175947780944826,-0.9994006642755083,0.024775709769156797,2.9319163624112314,30.384444910493215,21.633124440855333,11.511298164230084,8.649689861404982,2.994632287529201,4318.0,7566.496896601161, 0.0, 0.0,0.0,NaN, 48.33822945390178,48.33822945390178,0.0, 24.928721310729642, 0.2485494867183511, -5.911244033560725, 0.2485494867183511, 8.624189412738676, 0.8891822870150938, -5.911244033560725, 0.8891822870150938, 50.23204651253616, 3.1528293598148216, 1.8605880834074218, 0.0, 0.0
902, 0 ,1.0,1.0,1.0,188.82388840453356,295.4507410636443,93.69398430688753,5.21059759901854,2.496722676607272,4.13246112547309,23.0,11.0,18.0,-0.9951574245053365,0.012096118030024161,-0.09754683172973616,5.220199080799953,0.09782584324510246,0.025144560073116804,-0.9948858504834182,4.121524649265278,-0.009581484503477799,-0.9996106417137289,-0.026206108588962034,2.494742980477769,23.20545349487196,18.42221908500015,11.276941113747512,6.757025115816653,2.1917568297034786,2294.0,4820.846634773165, 0.0, 0.0,0.0,NaN, 145.46266270647223,145.46266270647223,0.0, 27.150327338897768, -0.22663496525183321, 0.9936223452408703, -0.22663496525183321, 6.23362412388498, -0.2940626736363273, 0.9936223452408703, -0.2940626736363273, 17.077234953546316, 2.766311180038149, 1.5829216097869208, 0.0, 0.0
904, 0 ,1.0,1.0,1.0,6.298069691652043,233.63675106542993,198.8094760591627,4.083197050606309,5.3925533897794065,4.268243160288381,16.0,23.0,17.0,-0.037168334198128816,-0.9983983989329108,0.042651517454089655,5.396146024906574,-0.2961517049924077,-0.029758627957444307,-0.9546772185886603,4.284920806682696,-0.9544174571763797,0.04811508152638552,0.29457130947647153,4.060922512113803,23.31961091626397,18.977449097114658,18.258626670795017,7.680616140037752,2.2311803155373378,3989.0,8080.295511528116, 0.0, 0.0,0.0,NaN, 121.17453786342158,121.17453786342158,0.0, 16.672498154080056, 0.48505965986558236, 0.5085317035987836, 0.48505965986558236, 29.079632061621368, -0.484599947423738, 0.5085317035987836, -0.484599947423738, 18.21789967534854, 2.619533926831298, 1.4458190642152067, 0.0, 0.0
906, 0 ,1.0,1.0,1.0,187.80007949125596,76.56160572337043,228.0429252782194,4.0606706464092515,3.650546658155365,3.7608013001088034,17.0,15.0,17.0,-0.875306681299801,-0.1991859230268426,0.44063951450122296,4.143249315927552,0.4620090712357399,-0.6135214721832183,0.640420971913026,3.8018035402222448,0.14277896122264527,0.7641442084044615,0.629045147023726,3.5126825032300566,18.127580785887133,17.48943945494463,16.66802286284701,6.405369859296417,1.711841227011444,2516.0,5284.450413757063, -2.8421709430404007E-14, 0.0,0.0,28.918707941888748, 153.71506834277903,153.71506834277903,0.0, 16.489046098609727, 0.24224470542739956, -1.2362514249028929, 0.24224470542739956, 13.326490903369304, -1.2546317242146325, -1.2362514249028929, -1.2546317242146325, 14.143626418900066, 2.6735651865009284, 1.4388600653991095, 0.0, 0.0
907, 0 ,1.0,1.0,1.0,195.59209120057,178.1663697898112,245.75169219807623,3.780301842187345,4.123809986206443,4.018124659482922,16.0,17.0,17.0,-0.4364173334221713,0.8856007192963637,-0.15890650417917063,4.2193541941220065,-0.11564826832745503,-0.23036088234301816,-0.9662087465548049,4.027507841250218,-0.8922810034521312,-0.4032929826663356,0.2029516716130914,3.6630652973621434,19.182176912132235,17.765755731242734,16.04109657532709,6.649835841188669,1.7948537223876897,2807.0,5466.579042783602, 0.0, -2.8421709430404007E-14,0.0,27.67446309958613, 169.3733266173732,169.3733266173732,1.9073486328125E-6, 14.290682018045032, -1.6200593482957732, 0.6172738036328104, -1.6200593482957732, 17.005808802335988, 0.006754450836626926, 0.6172738036328104, 0.006754450836626926, 16.14532577914475, 2.6381257291064384, 1.4327920377595877, 0.0, 0.0
908, 0 ,1.0,1.0,1.0,140.12563667232598,284.6519524617997,257.37836526800874,4.642100318644241,4.6957273033335065,4.323610651605496,19.0,20.0,20.0,-0.6446097417051568,0.7622583880882284,0.05865518466382023,4.785618251162837,-0.6765156797664258,-0.6044691772117085,0.4206465842380873,4.612035112726205,0.3560966384690838,0.23147173389020026,0.9053264717663362,4.256706404654067,22.100239350699752,20.96940569417916,19.607593067327116,7.623386582666122,2.0436575920469733,4123.0,9086.724990436649, 0.0, 0.0,0.0,NaN, 147.26629065501325,147.26629065501325,0.0, 21.549095368356962, -1.0612930815455277, -1.077611741166262, -1.0612930815455277, 22.049854907271765, -0.5874474509840968, -1.077611741166262, -0.5874474509840968, 18.693609066676505, 2.6187560015762137, 1.4057280845279594, 2.0, 0.0
910, 0 ,1.0,1.0,1.0,204.3857919782461,264.8456832087016,288.7341944255608,4.256443354349587,3.840902101328358,4.1582455593857235,18.0,16.0,17.0,-0.8467349654406755,-0.5042960294183292,0.16948573100142086,4.5448161268680405,0.027352028916575247,-0.35941628985938834,-0.9327763917991599,4.2229742836295445,0.5313113633401089,-0.7851786072586412,0.31812385935206905,3.416427913141175,19.942444425659545,18.787233037294016,15.794564853925024,6.823115218843032,1.898932285079989,2942.0,5917.644591938474, 0.0, 0.0,0.0,NaN, 102.49302971388474,102.49302971388474,0.0, 18.11731002878676, 3.7753737451134457, -1.446400636645659, 3.7753737451134457, 14.752528951988594, 1.297866848811896, -1.446400636645659, 1.297866848811896, 17.29100613215109, 2.4687267123214407, 1.4031512879475592, 0.0, 0.0
911, 0 ,1.0,1.0,1.0,110.52572145545797,7.862400669176077,281.5073191133417,3.9353925025461276,4.139845746189249,3.3601361922168325,18.0,17.0,15.0,-0.4956787915495024,0.8647083663069826,0.0811293833745453,4.195720362558046,-0.7490940511941822,-0.47292866709368514,0.4638928521829988,4.064657406464842,0.43950044149410394,0.16916830991559692,0.8821686034125152,3.1290003178122583,18.908860709738356,18.463853352936397,13.834862361748776,6.381224091271958,1.7877727144559838,2391.0,4830.1714621673445, 0.0, -8.881784197001252E-16,0.0,30.150578834205508, 112.33757917058708,112.33757917058708,0.0, 15.487314149096273, -0.9644657637617432, -2.653157727089302, -0.9644657637617432, 17.138322802241223, -0.9285202892976109, -2.653157727089302, -0.9285202892976109, 11.290515230245434, 2.5680512501474504, 1.3588685984019129, 1.0, 0.0
912, 0 ,1.0,1.0,1.0,223.85714285714286,170.95146299483648,281.52736660929435,3.7673163832817798,4.680209047005646,3.8627072789798342,16.0,21.0,17.0,0.3102368260606169,0.8903412711318166,-0.3332349511609123,4.794150236159168,0.60040787186475,-0.4552771854253998,-0.6574443488493672,4.2162435731134105,-0.7370641079028856,0.003886560241039393,-0.6758116568177971,3.202647439824662,21.397788466954907,18.628464796410512,13.590997133523388,6.865369817745327,1.9708460731607578,2905.0,5417.47949467387, 0.0, 0.0,0.0,NaN, 150.97184433343202,150.97184433343202,0.0, 14.19267273174331, 1.4598475534792204, -4.2840422916154886, 1.4598475534792204, 21.904356723673494, -1.5251777308397563, -4.2840422916154886, -1.5251777308397563, 14.920507523083796, 2.4678951478763618, 1.336692070129976, 0.0, 0.0
913, 0 ,1.0,1.0,1.0,51.15228873239437,18.143926056338028,293.5277288732394,4.019610166230621,4.527397824905033,3.0153840499584383,16.0,19.0,12.0,-0.36042888630358205,0.93226608770948,-0.03116022504443485,4.6157287447988455,-0.9200109383926492,-0.34978403164028404,0.1767229595931024,3.946005192861176,0.15385347300544117,0.09236380739407153,0.9837672671561268,2.9784608599935396,20.267218095649632,17.835497046163738,12.76030404013079,6.4743993154277275,1.9568575386451166,2272.0,4612.54249537345, 0.0, 0.0,0.0,NaN, 54.65939067386683,54.65939067386683,0.0, 16.157265888464565, -2.0219183166782386, -0.9496453301676369, -2.0219183166782386, 20.497331064954825, -0.7753377383579578, -0.9496453301676369, -0.7753377383579578, 9.092540968743753, 2.3405041683360306, 1.357817344491669, 0.0, 0.0
914, 0 ,1.0,1.0,1.0,24.021806853582554,234.0066199376947,9.441978193146417,3.9519494586143247,3.5043857402261445,4.27944057828536,18.0,15.0,18.0,-0.08983460235837036,0.10005509767883924,-0.9909181205566844,4.281577532688612,0.8386528371205271,-0.5290594579982557,-0.12945079641424626,4.230829434923938,0.5372068158622008,0.8426654539798519,0.0363836455035218,3.1591789640625025,18.675699077207057,18.16872424357146,14.41058314402187,6.546068439440479,1.8333640088590033,2568.0,4889.707227870419, 3.552713678800501E-15, -2.8421709430404007E-14,0.0,83.8159328845892, 70.8613037472396,70.8613037472396,0.0, 15.617904523442055, -3.5889294067410034, -0.11633597305926796, -3.5889294067410034, 12.280719416300341, -0.2856361484748826, -0.11633597305926796, -0.2856361484748826, 18.31361166307534, 2.480374476538733, 1.331939941952995, 0.0, 0.0
916, 0 ,1.0,1.0,1.0,160.33333333333334,280.49701492537315,37.53333333333333,3.4536494985794395,3.65818662697617,3.5474233285545846,15.0,16.0,15.0,0.44594228544639525,-0.6893662930195195,0.5708849201891508,3.9035237306227337,-0.40350580600192965,-0.724162625141823,-0.5592598294803921,3.4209414520462307,0.7989483979416816,0.01904222666157643,-0.6010980377860089,3.309667444764747,17.507877271997046,15.429310950078104,15.054389795358986,5.9436212112540066,1.6023743089335258,2010.0,4066.7097968045905, 0.0, 0.0,0.0,NaN, 145.9311320990487,145.9311320990487,0.0, 11.927694859038015, -1.0980099502487493, 1.2595356550580514, -1.0980099502487493, 13.382329397787288, -1.382487562189065, 1.2595356550580514, -1.382487562189065, 12.58421227197329, 2.7131851577195363, 1.3438286535103645, 0.0, 0.0
917, 0 ,1.0,1.0,1.0,11.1982890314696,53.44240757714635,42.22700886037275,4.492867362809996,3.560115903370276,4.7369010670624,20.0,16.0,20.0,-0.5873273164962648,0.05141713493525871,0.8077146163914244,5.016280596953269,0.7984046002514105,0.2003769300407242,0.567802060761354,4.207919851819549,0.13265262000685005,-0.9783687260652315,0.15873852167263633,3.5254579273710243,22.6438924959687,19.317556270609145,16.26276780206846,7.147405605702358,2.052585494430635,3273.0,7113.735798067319, 0.0, 0.0,0.0,NaN, 69.02617534072245,69.02617534072245,0.0, 20.185857139803243, 0.45978535974091683, -3.64843530411911, 0.45978535974091683, 12.674425245429957, 1.129328191316909, -3.64843530411911, 1.129328191316909, 22.438231719136905, 2.3730731601384374, 1.3393156628263165, 0.0, 0.0
918, 0 ,1.0,1.0,1.0,73.67028443113773,68.59955089820359,59.491766467065865,3.909459996471273,4.290513115271809,3.5627301303060364,17.0,18.0,16.0,-0.14189940273742185,0.9707813416932528,-0.19351523486023162,4.333091948364162,-0.9430194505294922,-0.0731356801806076,0.324600505556561,3.9409780632047626,-0.30096324597169344,-0.2285492483137224,-0.9258435967642775,3.4754039060344555,19.009237935729395,17.9045222934662,15.681786823784932,6.57010577285434,1.7941951876050772,2672.0,5337.316914466138, 0.0, 0.0,7.105427357601002E-15,78.84199921470747, 116.9293781261658,116.9293781261658,0.0, 15.283877464009166, -0.6844295129800294, -0.8730365802825492, -0.6844295129800294, 18.4085027923194, -1.3401234581734722, -0.8730365802825492, -1.3401234581734722, 12.693045981390465, 2.5084273482555757, 1.2641761371107842, 0.0, 0.0
921, 0 ,1.0,1.0,1.0,129.12468513853904,153.07724601175482,112.59026028547439,4.197974828300976,3.2082614503709928,3.9207136873357205,18.0,14.0,17.0,0.938548210570306,0.045144145769155035,0.34218308336042813,4.237475587345277,-0.34504751312977805,0.14666417787443436,0.9270554636111974,3.8938471424387706,0.008334873618240661,0.9881556684203101,-0.15322827692883048,3.188994369549918,19.721620748687258,17.68821254331091,14.02074712928615,6.340378496905985,1.7571370256810521,2382.0,4891.000506153113, 0.0, 0.0,0.0,NaN, 225.6901563266952,225.6901563266952,3.814697265625E-6, 17.622992659048606, 0.07727033354693932, 0.90373328934262, 0.07727033354693932, 10.292941533936585, 0.7990730929776247, 0.90373328934262, 0.7990730929776247, 15.371995818061663, 2.5648387926251424, 1.4228009069318004, 0.0, 0.0
922, 0 ,1.0,1.0,1.0,228.08801431127011,197.0887298747764,114.78425760286225,3.9197837039843,3.8745994075840366,4.239473223703572,18.0,17.0,18.0,0.3176978777464625,-0.5030307040663603,0.8037587755302555,4.556229634882548,0.9282823805345447,0.3378015927010786,-0.15550532453177873,3.853107239718733,-0.19328704163630067,0.7955188211067772,0.5742733885531967,3.56997117400353,20.91809136890319,17.44301748895512,16.443094252275387,6.699582147870598,1.861708117215002,2795.0,5999.667990275298, 0.0, 0.0,0.0,NaN, 170.11022602396093,170.11022602396093,0.0, 15.36470428602088, -0.6217629871896257, 1.7431386868321492, -0.6217629871896257, 15.012520569250569, -3.3508035368550475, 1.7431386868321492, -3.3508035368550475, 17.97313321449956, 2.3527876395658858, 1.3791733779937565, 0.0, 0.0
924, 0 ,1.0,1.0,1.0,258.8278653600341,174.4358755858543,150.3949723050703,4.404187959552272,3.5289960428091116,3.301034729077163,19.0,16.0,15.0,0.9977281781832049,0.05254894334172107,0.04215555731918483,4.408085717048945,0.053547588162616865,-0.9983022205459064,-0.022920127728247662,3.5263971014277957,0.040879557986716,0.02512538570412422,-0.9988481249579585,3.2986086051533663,19.061933272164367,16.2405734695476,15.089606376046959,6.301242360478939,1.7440927871838143,2347.0,4671.390965357669, 0.0, 0.0,0.0,NaN, 199.60751068610423,199.60751068610423,0.0, 19.396871583065202, 0.3651869351023146, 0.35771998774963065, 0.3651869351023146, 12.453813070162369, 0.054513562809147646, 0.35771998774963065, 0.054513562809147646, 10.896830282573541, 2.6946874755237475, 1.3900589396774619, 1.0, 0.0
926, 0 ,1.0,1.0,1.0,83.81211254172628,2.8426323319027182,175.91177873152122,5.294744712860418,2.0424755974792927,4.562326240788521,23.0,8.0,19.0,-0.9128122144320681,0.008121939707968958,0.4082987818730354,5.462799932218883,0.40828558928931086,-0.003296525933898445,0.9128482954442361,4.359909856533056,-0.008760066341343704,-0.999961582768132,3.069618021857774E-4,2.042021501234637,24.669369968794868,18.479290316310625,8.114801371791266,6.888765145777521,2.35918707066017,2097.0,3699.314379163602, 0.0, 0.0,0.0,NaN, 149.76794525150007,149.76794525150007,0.0, 28.03432157436335, -0.21030179362438284, -4.037558025646471, -0.21030179362438284, 4.171706566298393, 0.04048020095469943, -4.037558025646471, 0.04048020095469943, 20.814820727387524, 2.8416984312637794, 1.5291121046717948, 0.0, 0.0
929, 0 ,1.0,1.0,1.0,200.99289772727272,5.504261363636363,205.72585227272728,3.7206486091639412,3.5196930855597977,3.7913296011878765,17.0,15.0,16.0,0.644378244103757,-0.013332855714763801,0.7645906836237598,3.9528537669817956,-0.5750585992016568,0.6506157851782659,0.4959906325336168,3.6276731537717346,0.5040677395053046,0.7592900203712402,-0.4115754839086681,3.4381070693793263,17.161384867485026,17.033420622582497,16.947070593498538,6.129809634052756,1.7409995647697958,2112.0,4953.91830761562, 0.0, 0.0,0.0,NaN, 136.82221355944048,136.82221355944048,0.0, 13.84322607287357, -0.5338239012999312, 1.4923711098915389, -0.5338239012999312, 12.38823941653745, 0.39345044012568514, 1.4923711098915389, 0.39345044012568514, 14.374180144843422, 2.307120476016831, 1.3064940274325698, 0.0, 0.0
930, 0 ,1.0,1.0,1.0,215.9444724886421,38.04189803129732,222.37051993942453,3.763710723712345,3.81298840771596,3.090918972266323,17.0,16.0,12.0,0.3467601584956233,0.9240288801222423,-0.16102180343085565,3.8398443842133534,-0.9367342898144614,0.3499195012552228,-0.009231084827521056,3.7548060927741185,-0.04781488017225382,-0.15403561711932406,-0.9869076785053311,3.0684206707964647,17.001328284726554,16.642784099011294,13.229212696137864,5.959814805184991,1.6549279712957663,1981.0,3743.198271613749, 0.0, 0.0,0.0,NaN, 120.57716983538614,120.57716983538614,0.0, 14.165518411787302, 0.17244259638702863, -0.25706350664477484, 0.17244259638702863, 14.538880597376291, -0.8080530817628677, -0.25706350664477484, -0.8080530817628677, 9.5537800931159, 2.7352785771540593, 1.315056698140245, 0.0, 0.0
931, 0 ,1.0,1.0,1.0,235.09215017064847,48.420648464163826,228.21117747440272,3.542410984279529,3.931649419300495,3.7779937584397336,15.0,18.0,16.0,0.24100739992289455,0.7282126777291464,0.6415775316958597,4.207585880785399,-0.6689829960046108,0.6035736815048945,-0.43377478263647684,3.665884246213461,-0.7031196087715801,-0.32466152680780297,0.6326276225171689,3.337258354670652,18.197461898377128,16.441185849024066,15.500222001399095,6.273354621357255,1.7102050670419393,2344.0,4637.4781424241355, 0.0, 0.0,0.0,NaN, 108.21840512025432,108.21840512025432,0.0, 12.548675581544261, 0.22318256473575707, 1.6831850108912088, 0.22318256473575707, 15.45786715628592, 2.4653494070985094, 1.6831850108912088, 2.4653494070985094, 14.273236838809584, 2.6988654632642612, 1.4352498604590516, 0.0, 0.0
932, 0 ,1.0,1.0,1.0,148.1526132404181,186.495818815331,237.58815331010453,4.087081517568906,4.00049865470992,3.963386315325519,19.0,17.0,17.0,-0.7436995242072313,0.22284365499693917,0.6302790835189939,4.326571043590352,0.31156999403485136,0.9496888513737554,0.031862586108477746,3.9971389479133976,-0.5914686437259888,0.22007224042119145,-0.7757145431696744,3.7040949148122713,20.01765191384621,17.766285615745034,17.506559444853934,6.714263436038645,1.8262865091692466,2870.0,6226.020918529928, 0.0, 0.0,0.0,NaN, 196.7933803856474,196.7933803856474,NaN, 16.704235331253358, -0.16068593767073397, -2.3207704354793632, -0.16068593767073397, 16.003989486335882, 0.7704034284743021, -2.3207704354793632, 0.7704034284743021, 15.708431084509595, 2.2256263534989507, 1.254112495972659, 0.0, 0.0
934, 0 ,1.0,1.0,1.0,54.169611307420496,68.20965842167256,276.41224970553594,3.6587197270768494,3.9120705761409504,4.23417109622185,16.0,17.0,18.0,0.027367173090844105,0.557338012771982,0.8298345481819815,4.461378021338657,-0.7098893338303628,-0.573623915349125,0.4086719190908809,4.01575510052922,-0.7037813378819441,0.6002748897454547,-0.37994984562463346,3.2540049522672123,19.20533095331399,17.825503926922124,14.98769959916632,6.568003948175835,1.865490617193126,2547.0,5130.959557830165, 0.0, 0.0,0.0,NaN, 90.2401587717589,90.2401587717589,0.0, 13.386230041301294, 2.3971054424175287, -1.3950105507622694, 2.3971054424175287, 15.304296192707788, 3.010152594127971, -1.3950105507622694, 3.010152594127971, 17.928204872080546, 2.494498193673541, 1.349300297203151, 0.0, 0.0
935, 0 ,1.0,1.0,1.0,3.8279365079365077,108.15238095238095,293.9631746031746,2.72628251964486,5.127048011789314,2.7924915343674086,10.0,21.0,11.0,0.03327556918547846,-0.9904962227753261,0.13345399643020547,5.1616596014342075,-0.6947005445122634,-0.1189190996660888,-0.7094007338514473,2.864716077441038,-0.7185289764162246,0.0691048507878984,0.6920553660277733,2.582231325075352,21.66769579523404,14.041012783637115,12.044828098218886,6.0676110125007305,2.168258117154753,1575.0,3664.475062770525, -4.440892098500626E-16, -1.4210854715202004E-14,0.0,11.434027049819392, 108.38834745695443,108.38834745695443,0.0, 7.432616376921127, -0.5312411186696903, 0.8469970269589342, -0.5312411186696903, 26.286621315192754, -2.5105789871503172, 0.8469970269589342, -2.5105789871503172, 7.798008969513643, 3.3565045656665924, 1.7701867738720418, 0.0, 0.0
937, 0 ,1.0,1.0,1.0,265.8992,27.4692,37.3744,4.110600851457086,4.0320033928557475,3.5548030381443327,17.0,16.0,15.0,0.25441558606217246,0.8093391826643689,-0.5293796340744632,4.287525310887134,0.9511514976563403,-0.30839014180119795,-0.014364851058682754,4.124373626561415,0.17488149723381954,0.4998655897779,0.8482634343653213,3.2244975200838617,19.51030569310778,18.35703615488353,14.877611919542332,6.513795597829378,1.8333527401180942,2500.0,5328.437344249814, 0.0, 0.0,0.0,NaN, 57.56967330669855,57.56967330669855,0.0, 16.89703935999972, -0.29550463999999843, -1.1658604800000016, -0.29550463999999843, 16.25705136000026, -3.392068480000001, -1.1658604800000016, -3.392068480000001, 12.636624640000178, 2.3026522010564805, 1.247670693476908, 1.0, 0.0
941, 0 ,1.0,1.0,1.0,138.64207149404217,13.008707607699359,115.39688359303392,3.6020832294088994,3.51641655749132,3.9105663583545893,16.0,16.0,17.0,0.14356046182066418,0.35697096806437933,0.923017942274698,4.019382448742939,0.7969233413675497,-0.5946991963861836,0.10604741298686617,3.8070164734122445,-0.5867738761954364,-0.7203503271164707,0.36985378791865264,3.1597323529672,17.76328078263309,17.518237713962634,14.078102510798438,6.146362480586677,1.689658692671128,2182.0,4380.843301347416, 0.0, 0.0,1.4210854715202004E-14,22.628649644514937, 180.8515723038258,180.8515723038258,NaN, 12.975003591588846, -1.8208979644302457, 1.198884549110674, -1.8208979644302457, 12.365185405799107, 1.7490647166509388, 1.198884549110674, 1.7490647166509388, 15.292529243094673, 2.37309180992279, 1.3006179313732171, 1.0, 0.0
942, 0 ,1.0,1.0,1.0,260.2939944134078,250.36662011173183,114.4179469273743,4.221952170980506,3.752143190296631,4.193916747425303,19.0,16.0,18.0,-0.7814117682831473,0.15044931948105345,0.6056076705725354,4.458945816280015,-0.4248014504493428,0.58265084643501,-0.6928648633353407,4.19820580890902,-0.45709886904775815,-0.7986757749025913,-0.39137913906978566,3.4619743691125637,20.9772852878975,18.70460012083896,16.356015867008466,6.780631064849857,1.874950319678796,2864.0,6417.6382895830975, 0.0, 2.8421709430404007E-14,0.0,81.34703383069606, 130.88737852769103,130.88737852769103,0.0, 17.82488013404701, -2.324264711619471, -2.077133838285326, -2.324264711619471, 14.07857852048938, -1.5572081961393247, -2.077133838285326, -1.5572081961393247, 17.588937684334432, 2.5165240324554996, 1.366640684530792, 0.0, 0.0
943, 0 ,1.0,1.0,1.0,31.832985386221296,127.88465553235908,154.48121085594988,3.0505959002040473,3.943594266312392,3.52565334643303,12.0,16.0,16.0,-0.24094749359913661,-0.9705224766547985,0.005516125101021464,3.995435532632776,0.11287078992623067,-0.02237603886031922,0.9933576886833615,3.532434921046292,0.9639525351954432,-0.23996965473317186,-0.11493508906125971,2.974340437138335,16.99059296337468,16.367582217499034,12.872114308461786,5.887911204158006,1.618889821698319,1916.0,3579.66969219234, 0.0, 0.0,0.0,NaN, 196.3250928261083,196.3250928261083,0.0, 9.306135346341742, 1.6550572914169701, 0.397697011432134, 1.6550572914169701, 15.551935737291975, -0.11881649312895219, 0.397697011432134, -0.11881649312895219, 12.430231519214423, 2.9119238517945147, 1.390912257524271, 0.0, 0.0
945, 0 ,1.0,1.0,1.0,216.27162629757785,144.01167820069205,176.35813148788927,3.899439821201247,3.9253790446083037,3.408052438293396,17.0,17.0,15.0,-0.6810658212130615,-0.7308309674674514,0.045115897042697146,4.030687364097339,0.6986811294074524,-0.6670680843607125,-0.25858238578305137,3.81990750937674,0.2190753901863563,-0.14458999902454453,0.9649350784362527,3.375043551999114,17.863354518227794,17.27341679555559,15.565022344176498,6.269228933168486,1.7105033085909265,2312.0,4802.761473844462, 0.0, 0.0,0.0,NaN, 207.45388805755897,207.45388805755897,0.0, 15.205630919170012, 0.9250285856251763, -0.7274682415200941, 0.9250285856251763, 15.408600643849999, 0.3920114402365891, -0.7274682415200941, 0.3920114402365891, 11.61482142215756, 2.4321251532713846, 1.398872596952674, 1.0, 0.0
947, 0 ,1.0,1.0,1.0,133.83923240938165,13.674626865671641,202.42558635394457,3.9069338949929944,3.9848722627360473,3.510524221040052,17.0,17.0,15.0,-0.806438130662017,0.17082781269991107,0.5661054670487785,4.241174400151559,0.17806638522548468,0.983078886939032,-0.042991446910330675,3.980427101838821,0.56387046727691,-0.0661344120929383,0.8232109909798583,3.104151979385538,19.130170228128847,17.381615171955147,14.217234510585484,6.347455472655308,1.782394103259799,2345.0,4727.41895377542, 0.0, -1.7763568394002505E-15,0.0,80.16404668734552, 166.1947705260889,166.1947705260889,0.0, 15.264132459845131, -0.06382331413295785, -3.8603641554639263, -0.06382331413295785, 15.879206950323105, 0.5452973936288725, -3.8603641554639263, 0.5452973936288725, 12.323780306508862, 2.5278416841523224, 1.301469436020717, 0.0, 0.0
948, 0 ,1.0,1.0,1.0,293.0915630620064,148.38947533036202,217.01376182656972,3.9872517516399344,8.998418742678156,8.386537071975642,16.0,39.0,35.0,0.022938590024058892,0.926663257078257,0.3751919896117509,9.11653389813862,0.015903162022620414,0.37490503103538164,-0.9269268078667494,8.260931917006605,-0.999610379360574,0.027229133028349964,-0.00613708311284698,3.9811473227990533,43.17676046857906,37.36868154228485,16.519161999038715,12.289163812175122,4.022458608450812,12789.0,26652.98419000616, 0.0, 0.0,0.0,NaN, 170.15839272843303,170.15839272843303,0.0, 15.898176530955727, 1.7421162239538817, -0.19345649377692908, 1.7421162239538817, 80.97153986858152, 5.178079000848872, -0.19345649377692908, 5.178079000848872, 70.33400405962178, 4.3428897722508095, 2.9443872257303996, 0.0, 0.0
951, 0 ,1.0,1.0,1.0,107.70684410646388,158.9916349809886,4.800760456273764,4.777043360937328,4.16210571019128,3.095538214294068,20.0,17.0,12.0,-0.9770827392963857,-0.21259589803762416,0.01059739150206701,4.805751315419409,0.21247606862232923,-0.9770998647407066,-0.011391864926026226,4.129226180402334,-0.012776573557545846,0.008879102503605242,-0.9998789530272447,3.095136426179263,20.615231667617905,17.73003736833381,12.175690315870087,6.759320386768722,2.009281453716614,2630.0,4450.322295298343, 0.0, 0.0,0.0,NaN, 177.50259314631825,177.50259314631825,1.9073486328125E-6, 22.820143272275402, 1.2564831065939868, -0.15802801833190636, 1.2564831065939868, 17.323123942806866, 0.05270598100305428, -0.15802801833190636, 0.05270598100305428, 9.582356836154908, 2.384859554384598, 1.3286424804773331, 0.0, 0.0
953, 0 ,1.0,1.0,1.0,293.5500754906895,35.41016607951686,53.99345747357826,3.4746741700713915,3.8920198021734764,3.5360616128430125,13.0,16.0,14.0,-0.4192454539549771,0.7973611584009108,0.43410647589231255,4.2580996725846,0.6364403259120681,-0.08286695583361303,0.7668616427908038,3.4187015205562026,-0.6474387699937546,-0.597786124549933,0.4727312010059696,3.1473762962466596,20.549927445932937,15.637368162187329,14.49039282527869,6.048934870453549,1.7706770997289571,1987.0,4656.441092412313, 0.0, 0.0,0.0,NaN, 64.89048341556622,64.89048341556622,0.0, 12.073360588161314, -2.843639418677367, -0.6275032806346418, -2.843639418677367, 15.147818140510468, 2.733936667857927, -0.6275032806346418, 2.733936667857927, 12.503731729821927, 2.353033136199573, 1.2689844494774032, 0.0, 0.0
954, 0 ,1.0,1.0,1.0,123.77466863033874,199.48895434462446,76.79528718703976,3.79335988733191,3.204761543422284,3.7213731264800525,17.0,13.0,17.0,0.811980743432521,-0.22194239707481211,0.5398414995861813,3.916045761074495,0.5203035304907242,-0.14392709645630417,-0.841765541623406,3.6382854651890653,-0.26452128166493233,-0.9643788484233484,0.0013886180170751012,3.152167223113255,17.43640958324805,16.412534934242444,13.596398774180358,5.988466034017625,1.6269506110887206,2037.0,3890.9586839614717, -1.4210854715202004E-14, 0.0,0.0,35.710090695818884, 176.97501243799098,176.97501243799098,0.0, 14.38957923481876, -1.2202110730571267, 0.9209802743501408, -1.2202110730571267, 10.27049655019838, -0.24698381850348822, 0.9209802743501408, -0.24698381850348822, 13.848617946487922, 2.5747387441836214, 1.300082725166942, 0.0, 0.0
955, 0 ,1.0,1.0,1.0,82.88453774727493,132.82236576503834,183.27412192167944,3.7728701235003044,3.976609087796854,3.788241758625277,17.0,18.0,16.0,-0.5005021773236392,0.862807735879128,0.07113635780266728,4.049493023799662,-0.5250898676533221,-0.36786986289625984,0.7674323389462444,3.981213327564177,0.688315480998439,0.3467485758872266,0.6371712671943605,3.4857267704691517,18.08941052702866,17.919423202797816,17.05355680435946,6.423558318990133,1.771057014970087,2477.0,5527.941180971733, 0.0, 0.0,0.0,NaN, 195.2858368089095,195.2858368089095,0.0, 14.234548968801203, -1.1198237348401368, -1.6421482157447267, -1.1198237348401368, 15.813419837148526, -0.7837651814537832, -1.6421482157447267, -0.7837651814537832, 14.350775621792332, 2.390717301738806, 1.3374621239813698, 0.0, 0.0
959, 0 ,1.0,1.0,1.0,247.22651933701658,26.39014024649384,53.18019549511262,3.5190130890427653,4.0642863853615,3.7181626044932066,15.0,18.0,15.0,-0.2367006898662313,0.9124526493612126,0.33377079873852533,4.150848800284634,0.027454619477593083,-0.33711439306693525,0.9410632974760265,3.660912909083953,-0.971194639238804,-0.23191388199246443,-0.054744169123245735,3.477755167607248,18.90017386066544,16.23637032174438,15.482637911052421,6.305009561934361,1.724373660335046,2353.0,4751.160532091509, 0.0, 0.0,-7.105427357601002E-15,70.50219181970071, 79.4330721829031,79.4330721829031,0.0, 12.383453120854305, -1.1210984918747202, -0.3718844874181996, -1.1210984918747202, 16.518423822234848, 1.1489930027567417, -0.3718844874181996, 1.1489930027567417, 13.824733153451705, 2.199386474088664, 1.2266337878286755, 0.0, 0.0
965, 0 ,1.0,1.0,1.0,151.4479768786127,193.1772639691715,145.03227360308284,3.4793210685033626,4.073196307521567,3.287803530651247,15.0,18.0,14.0,-0.30775980106634965,-0.9363263734535299,0.1690468196180053,4.175358346380582,-0.8362733727679477,0.18145777319402207,-0.5174165851098979,3.460568233834798,0.45379593524724565,-0.3006093792994967,-0.8388702225196989,3.177594293138294,18.7307673667313,15.538157822186719,13.844232975566086,6.056559788197517,1.6805769382833993,2076.0,4029.247985597061, 0.0, 0.0,0.0,NaN, 233.4805364330156,233.4805364330156,0.0, 12.10567509773138, 1.8290676824039038, 0.4311105728000797, 1.8290676824039038, 16.590928159607326, -1.3376091936100651, 0.4311105728000797, -1.3376091936100651, 10.809652056162806, 2.6486860875305873, 1.4430983767256773, 1.0, 0.0
966, 0 ,1.0,1.0,1.0,249.70962962962963,187.0153086419753,183.49283950617283,3.535307779726359,4.062142318208714,3.2178626579381624,15.0,18.0,14.0,0.007832487522041465,-0.9871551987254316,-0.15957213343366577,4.0821134759489555,0.9394998641223409,0.06191492687062168,-0.3369073272351153,3.584895597806524,0.3424597165409687,-0.14727917524198772,0.9279171229623471,3.1367044040572245,18.39924962327038,16.423516559598937,14.364422099658839,6.039609089505033,1.6962203400787381,2025.0,4340.6465410807305, 0.0, 0.0,0.0,NaN, 169.90756392695275,169.90756392695275,0.0, 12.49840109739372, 0.12246986739825273, -0.9620791952446377, 0.12246986739825273, 16.501000213382067, 1.0122083828684658, -0.9620791952446377, 1.0122083828684658, 10.354640085352855, 1.9687373255505973, 1.1326754164321726, 0.0, 0.0
967, 0 ,1.0,1.0,1.0,194.88139963167586,288.38232044198895,213.8353591160221,3.6473361545731655,4.501653118954668,3.729105350168683,16.0,19.0,16.0,0.27560892372944873,0.9500414296938535,0.14649574405406518,4.571376577295928,-0.5520070132475914,0.28118465634858664,-0.784999010419504,3.8831294710293083,-0.7869739376155784,0.1354860542616333,0.6019265325722445,3.3908686557107126,20.290423682776236,17.645157203192895,15.082436802278679,6.639747758032951,1.840629851492033,2715.0,5399.930394030989, 0.0, 0.0,0.0,NaN, 136.41567344104172,136.41567344104172,0.0, 13.303061024456566, 1.905380177650265, 1.9311180977381448, 1.905380177650265, 20.264880803394288, 0.517825870191184, 1.9311180977381448, 0.517825870191184, 13.906226712656697, 2.302731160575294, 1.280029432651756, 0.0, 0.0
970, 0 ,1.0,1.0,1.0,286.0868403473614,95.80160320641282,224.81629926519707,3.335074103391455,3.010122773757891,3.317579569558717,15.0,13.0,15.0,0.7627710078150438,-0.15872904709362998,0.6268855391900267,3.4962441401407727,-0.47933863485792205,0.5119212486447086,0.7128612125221754,3.251647245899435,0.4340678089531241,0.8442403240753138,-0.3143937220045005,2.8970605256582993,15.430138134865274,14.890333843152149,13.028951219616573,5.390498232724685,1.4602812713836022,1497.0,2993.5306345209974, 0.0, 0.0,2.8421709430404007E-14,51.17928477380778, 122.57288462224909,122.57288462224909,NaN, 11.122719275112319, -0.998803217657762, 1.0867609188539544, -0.998803217657762, 9.0608391130959, 0.4144561668426988, 1.0867609188539544, 0.4144561668426988, 11.006334200353402, 2.7164558300831834, 1.3351361188100044, 0.0, 0.0
971, 0 ,1.0,1.0,1.0,68.69937769267592,121.39636189564385,225.0038295835328,3.7124510199966116,4.029915202483623,3.1432961758145357,16.0,17.0,13.0,0.14777418126298933,-0.9794423387320734,0.13731531761278112,4.048011605551319,0.9648118599681149,0.17329188190045505,0.19775742345678357,3.7329141296340835,-0.2174876231350186,0.10326000564809525,0.9705856505309747,3.0954440886685086,18.0864261164743,16.896721439362437,14.232319212657046,6.0856826224809595,1.6933065234640943,2089.0,4349.415309245979, 0.0, -1.4210854715202004E-14,0.0,11.637811265741647, 158.3701573971399,158.3701573971399,0.0, 13.782292575873882, -0.25710135449289856, 0.9685997982089948, -0.25710135449289856, 16.240216539208618, -0.7659985137219446, 0.9685997982089948, -0.7659985137219446, 9.880310848890286, 2.2206675330807344, 1.194261801969091, 0.0, 0.0
973, 0 ,1.0,1.0,1.0,189.5430683918669,185.75378927911277,282.6517560073937,4.098475102221516,3.8504398125955723,4.014666004434103,19.0,18.0,18.0,0.6617443025661593,-0.33807586116696947,0.6691779958407477,4.426994158353398,-0.6483456358182997,-0.7062594100157259,0.2843335757162773,3.8947710470303756,0.37648693806902794,-0.6220147569474955,-0.6865531498747617,3.6018619149307214,19.992189348857806,17.925112940296913,16.782245389313545,6.655803185514944,1.8550504027650376,2705.0,6014.123251365879, 0.0, -2.8421709430404007E-14,0.0,70.24031158007777, 159.85584748138606,159.85584748138606,0.0, 16.797498163529667, -0.4766419412261068, 2.528861525005046, -0.4766419412261068, 14.825886750421027, -1.939715526460537, 2.528861525005046, -1.939715526460537, 16.117543127158886, 2.075610961248606, 1.2460556493107915, 2.0, 0.0
974, 0 ,1.0,1.0,1.0,160.78916588566074,178.8226054358013,290.57409559512655,11.701245568381847,11.275240258357337,5.143315513613964,54.0,55.0,21.0,-0.7573527004926399,-0.6525146904552381,0.02532717506177688,12.895392516730798,0.6484501660587187,-0.7560764821274681,-0.08866078790633121,9.920689107853832,0.07700174799915205,-0.05072407627405769,0.9957398248996666,5.078647917762525,55.0878257121737,45.030821260218076,22.527573030875203,16.099470218430294,5.59561827626995,26675.0,55883.02478828376, 0.0, 0.0,0.0,NaN, 184.8038553765245,184.8038553765245,2.6973983046972182E-6, 136.91914785157581, 33.82445484427169, -6.870488711265592, 33.82445484427169, 127.13104288368206, 2.5466024500895665, -6.870488711265592, 2.5466024500895665, 26.453694472582075, 6.14564848566234, 3.7092128627302383, 0.0, 0.0
975, 0 ,1.0,1.0,1.0,289.30793366203494,180.3388614970865,28.0013446884805,3.7550175351732324,3.968376829483449,3.4432711953023967,16.0,17.0,15.0,0.6146509571537208,0.7319960674064094,0.29391488252819975,4.28924550234345,0.519074392070159,-0.6559119123282909,0.5480340671553547,3.587073962779524,0.5939410546232762,-0.1842859749611879,-0.7831172984078403,3.2310309934778476,19.825326909581804,15.7518987094153,14.696903673940483,6.221478879498942,1.7313256269654627,2231.0,4589.645217047386, 0.0, 0.0,0.0,NaN, 123.35794929696257,123.35794929696257,NaN, 14.100156689458458, 2.754012618333277, 2.128227789786617, 2.754012618333277, 15.748014660781113, 0.839526407668642, 2.128227789786617, 0.839526407668642, 11.856116524399194, 2.4474848634536253, 1.2428110091338482, 0.0, 0.0
976, 0 ,1.0,1.0,1.0,34.79202151501569,122.30524428507395,32.818018825638724,3.3033876899218106,3.6303373752969454,4.126752138275545,14.0,15.0,18.0,0.06738043052919196,0.03526849465552501,0.9971038114792431,4.130605108499733,-0.09497134252987013,-0.9946104976816853,0.041598100911759514,3.6327296331044674,0.9931970205753615,-0.0974991855664653,-0.06366778725620306,3.295933820568497,18.320039253927867,15.423837138080046,14.583257577655996,6.186215368939034,1.6889471004946774,2231.0,4120.722578888165, 0.0, 1.4210854715202004E-14,0.0,87.9788449507784, 131.32433095345624,131.32433095345624,0.0, 10.912370229926957, 0.23515613997055837, 0.4072437181068441, 0.23515613997055837, 13.179349458477914, 0.12143844900942344, 0.4072437181068441, 0.12143844900942344, 17.030083210761788, 2.4653784747029674, 1.3364101883153408, 0.0, 0.0
977, 0 ,1.0,1.0,1.0,204.45182413470533,191.97053320860618,89.52198316183349,3.926448293917253,3.1169250090047966,4.062852016346714,16.0,13.0,18.0,0.22591661391417736,0.4022312739002712,0.8872269641157879,4.24210036788586,-0.9518810580854241,-0.10246265966340264,0.28883187953007317,3.9524381254256706,-0.20708484931478105,0.9097864615783564,-0.35972831347144174,2.8322785097447722,19.154773082899197,17.559308065067512,12.808206861934366,6.2026274762295746,1.7794371622565748,2138.0,4307.9707203107855, 0.0, 0.0,0.0,NaN, 169.74688531942417,169.74688531942417,0.0, 15.416996204805708, 1.6475514127625974, -0.09038154084712033, 1.6475514127625974, 9.715221511759552, 3.3343708789501956, -0.09038154084712033, 3.3343708789501956, 16.506766506732557, 2.4143355899430303, 1.2695295711553236, 1.0, 0.0
978, 0 ,1.0,1.0,1.0,249.29166666666666,188.64082278481013,150.11286919831224,3.7013873221128883,3.785409497190736,2.998051933571714,16.0,16.0,13.0,-0.6510167656339788,-0.7558481807285957,-0.06979039011744796,3.940311482261009,0.7024684929691161,-0.6347621276030467,0.3218929290098674,3.6064156912588685,-0.28760248129870514,0.16053214335492125,0.9442003196889434,2.9130087282253037,16.72018698137589,16.141545003482065,12.9624101915269,5.866055974482424,1.614712318139693,1896.0,3498.4203578687575, 0.0, 0.0,0.0,NaN, 193.48993100275467,193.48993100275467,0.0, 13.700268108298019, 1.4486418776371275, 1.34207981715893, 1.4486418776371275, 14.329325061421823, -0.5522869598889124, 1.34207981715893, -0.5522869598889124, 8.988315396393093, 2.8181120788654948, 1.2499309960431733, 0.0, 0.0
979, 0 ,1.0,1.0,1.0,233.27784577723378,3.5122399020807835,172.4418604651163,3.773081395536198,2.4492717677180997,4.224062384224157,15.0,9.0,17.0,-0.4889781760598019,0.02566634994795968,0.8719183343740273,4.418155294609042,0.8717503740674714,0.04972802325702091,0.4874201565550735,3.5473962994274686,0.03084847890014265,-0.9984329532739281,0.04669056827935798,2.444107551403211,20.20137162101628,15.587480063174098,9.528669909721856,5.889962568358023,1.8401411300879682,1634.0,3000.4683594372045, 0.0, 0.0,0.0,NaN, 143.99743280648175,143.99743280648175,0.0, 14.236143217341382, 0.11655023528477607, -2.9667103128290915, 0.11655023528477607, 5.998932192140946, 0.4633799208676135, -2.9667103128290915, 0.4633799208676135, 17.842703025817475, 2.302887219128585, 1.2320248219824108, 1.0, 0.0
980, 0 ,1.0,1.0,1.0,9.872850442939031,191.32881709223554,219.6873371547681,3.4593579806654207,3.5621129221928074,3.511790777103164,15.0,15.0,16.0,-0.663226325032671,-0.05865341176557014,-0.746117027732189,3.6873359673050716,0.047427941117736065,0.9916267702702068,-0.12011219290651308,3.56546162324855,-0.7469146083622881,0.11504836275122429,0.6548911680907541,3.2679530976367372,15.927409223808723,15.569818400821134,14.995069098395163,5.872789768523978,1.580765923757851,1919.0,3718.5802393026124, 0.0, 0.0,0.0,NaN, 135.48809166761976,135.48809166761976,0.0, 11.967157638393536, 0.20908356983088733, 1.4318448492774456, 0.20908356983088733, 12.68864847045298, -0.11449178981692484, 1.4318448492774456, -0.11449178981692484, 12.332674462146846, 2.4947501649112365, 1.313308431401134, 0.0, 0.0
981, 0 ,1.0,1.0,1.0,121.28548300053967,57.50728548300054,260.9077172153265,3.6884893729921457,3.4019415780989655,3.300821631825519,16.0,15.0,14.0,-0.9235819278753742,-0.3080740904810702,0.22822527747002083,3.7405549158894877,-0.3667747725454631,0.8833378708673262,-0.2918740689335093,3.380194335332466,-0.11168119235677312,-0.35327688951563263,-0.9288286982043183,3.264371145749675,16.4660577628703,15.95956413253775,14.993348607152143,5.79811533595787,1.566985115287247,1853.0,3940.1186462735373, 0.0, 0.0,0.0,NaN, 139.80508876151254,139.80508876151254,0.0, 13.604953854675994, 0.6997549808379457, -0.6207136572626599, 0.6997549808379457, 11.57320650079848, -0.432948830224991, -0.6207136572626599, -0.432948830224991, 10.895423445127282, 2.0374366043550673, 1.1640925494104002, 0.0, 0.0
984, 0 ,1.0,1.0,1.0,232.54545454545453,296.1125186289121,48.35543964232489,3.8568582606658977,2.081787050271549,3.9506508066750823,16.0,8.0,17.0,-0.26834881890641377,0.04057506577586869,-0.9624669217322829,3.9615370928223954,0.9632663789384263,0.02202028489020147,-0.2676434013014464,3.8487732685509983,-0.010334147201656752,0.9989338171724085,0.044993714127377814,2.0760546599998575,17.248134257719798,16.237212551809364,8.427416406130646,5.622701518481917,1.7894307463237293,1342.0,2360.195908515959, 0.0, 0.0,0.0,NaN, 83.08716361082752,83.08716361082752,0.0, 14.875355642866774, 0.09883484622679475, 0.23235333965587318, 0.09883484622679475, 4.333837322678316, -0.5064615394866164, 0.23235333965587318, -0.5064615394866164, 15.607641796282477, 2.377405079795067, 1.3396613401533142, 0.0, 0.0
985, 0 ,1.0,1.0,1.0,151.83864004317323,81.36373448461954,105.9875876956287,3.2991481486433125,3.773601244943248,3.3641000571146957,14.0,17.0,14.0,0.28074194082443715,0.8235653379364184,0.49287330705953347,3.961360435224607,-0.7075638340759414,0.524561944919919,-0.4734851493442917,3.3920515454307316,-0.6484885375778685,-0.21581218707826752,0.7299915866218002,3.0402670725104124,17.65022613959229,15.060015094873108,13.70224621660968,5.820722891034587,1.6002496938287687,1853.0,3642.230680474631, 0.0, 0.0,0.0,NaN, 199.51244226633747,199.51244226633747,0.0, 10.884378506696596, 0.6512447981118411, 1.6504526287064147, 0.6512447981118411, 14.240066355837232, 2.055782996840933, 1.6504526287064147, 2.055782996840933, 11.3171691942791, 2.5168683317565814, 1.2068141083233517, 0.0, 0.0
986, 0 ,1.0,1.0,1.0,9.28585657370518,50.2156374501992,102.77988047808765,4.073889158023223,3.469246575960331,3.4216258550125813,18.0,15.0,15.0,-0.8562014017791587,0.4212469172757927,0.29911568711293773,4.279036185164814,0.49915821376809927,0.5251405708608079,0.6892521008047964,3.467665684248227,-0.13326754000597354,-0.7394446669776088,0.6598949516848345,3.1630542513051654,19.897077748079752,16.44625675353224,14.079388650262253,6.094867091262872,1.786718586740314,2008.0,4607.232832529915, 0.0, 0.0,1.4210854715202004E-14,72.5955030070987, 114.7673351085894,114.7673351085894,NaN, 16.59657287185917, -2.4660238527959724, -1.43209730797924, -2.4660238527959724, 12.035671804812482, 1.7775456937191527, -1.43209730797924, 1.7775456937191527, 11.707523491690578, 2.0578756067619857, 1.0903338338667306, 1.0, 0.0
989, 0 ,1.0,1.0,1.0,295.68554754548575,55.075523515276345,156.94713353930655,2.3901877422224818,4.7899004354449675,6.165412382021915,9.0,21.0,26.0,0.005953712133672115,-0.33143928740138334,0.943457763802224,6.335401830343589,-0.030689709578088725,-0.9430906173921485,-0.3311166397403007,4.564385665541276,-0.9995112280699211,0.02698307161460069,0.015786665525037095,2.386947969524278,27.518809157603926,21.460486163936622,9.366757908579586,7.7072579652706255,2.695668399805157,2913.0,5531.698334868594, 0.0, 0.0,0.0,NaN, 153.34943884176758,153.34943884176758,0.0, 5.712997443070604, 0.37012685890598174, 0.3472620398231324, 0.37012685890598174, 22.943146181475893, -6.042694603037237, 0.3472620398231324, -6.042694603037237, 38.01230984038914, 2.7001675984374938, 1.5845615494474987, 0.0, 0.0
992, 0 ,1.0,1.0,1.0,228.21575885774723,6.84981491274458,228.01533580116342,3.4785715858927673,3.5516397055743525,3.5862534464259572,15.0,15.0,15.0,-0.600333993290589,0.6953713339491785,0.39504152240177914,3.8609434675403125,0.3078225415903456,-0.2549912832712361,0.9166377301554566,3.5345644303365003,-0.7381357459089992,-0.6718914744044817,0.06097103602479223,3.1899511730828523,17.808457931057646,16.30864379336856,14.965623256573082,5.905324368404163,1.6440689651979143,1891.0,4346.492854236842, 2.8421709430404007E-14, 0.0,2.8421709430404007E-14,81.65324129328388, 101.89057424770566,101.89057424770566,0.0, 12.100460278180522, -2.1569140583817004, -0.4681422564117732, -2.1569140583817004, 12.614144598212272, 0.7579880314809144, -0.4681422564117732, 0.7579880314809144, 12.861213782002055, 2.0864894884500096, 1.144944898950576, 0.0, 0.0
993, 0 ,1.0,1.0,1.0,252.91030844155844,223.48011363636363,243.93425324675326,3.964389895371763,3.868423701604922,3.68566837770463,17.0,16.0,15.0,-0.7797961698707607,-0.5921727378599079,0.20309943867572167,4.128719249833959,-0.47612536341587564,0.771634337624745,0.42176425561031267,3.726465174791654,-0.406475794810703,0.2321893570642759,-0.8836659610390605,3.651352519983775,18.274396262682217,16.792599085720838,15.971125008732429,6.418498376438112,1.7516047384435216,2464.0,4901.132757881878, 0.0, 0.0,0.0,NaN, 105.90609056693663,105.90609056693663,0.0, 15.71638724252574, 1.51140629611865, -0.6994845910988341, 1.51140629611865, 14.964701935138727, -0.2663236976092127, -0.6994845910988341, -0.2663236976092127, 13.58415139041188, 2.216244746882517, 1.1645798099938098, 0.0, 0.0
998, 0 ,1.0,1.0,1.0,229.05185185185186,139.57606837606838,17.124216524216525,3.889812941362716,3.5597140376036775,2.8965959781801107,18.0,15.0,12.0,-0.9259615344575883,-0.3768417143882233,-0.0241983264275329,3.9615290956229043,0.31865956086615055,-0.8141661683818151,0.4853756633073673,3.711454878701999,-0.2026112557918262,0.4417281659113662,0.8739707698012789,2.5930420199077067,18.403436412924094,16.39389550463574,11.795299205064634,5.785046336016325,1.6509742273152797,1755.0,3558.68911036175, 0.0, 0.0,0.0,NaN, 157.50668995487376,157.50668995487376,2.6973983046972182E-6, 15.130644718792862, 1.3006141183918911, 1.2915648411944676, 1.3006141183918911, 12.671564029512677, -2.7046056444347073, 1.2915648411944676, -2.7046056444347073, 8.390268260809192, 2.527260714531624, 1.2389319714081675, 0.0, 0.0
1002, 0 ,1.0,1.0,1.0,109.59383306751728,203.87719298245614,59.156299840510364,3.9217281058611917,2.985578626267337,3.609607347485978,18.0,12.0,16.0,-0.9319437970449875,0.16282407504397703,0.32398932040337997,3.9955914590737183,-0.3047382909476542,0.1325256663015474,-0.9431709928754349,3.5650757394644996,0.19650784508429545,0.9777143081480419,0.07388774230494691,2.94081283610663,17.46630881115083,15.793051175859247,12.985506510587243,5.88603825983817,1.6362915011305486,1881.0,3582.004040244559, 0.0, 0.0,0.0,NaN, 157.32091433176706,157.32091433176706,0.0, 15.379951336301609, -1.2742289002676768, -1.0417793311271006, -1.2742289002676768, 8.91367973362436, -0.12168779204790359, -1.0417793311271006, -0.12168779204790359, 13.029265203024757, 2.315394522930193, 1.2335980639898534, 0.0, 0.0
1003, 0 ,1.0,1.0,1.0,201.3641975308642,45.473765432098766,94.2145061728395,3.9014445559988062,2.8989019878397744,3.9236246919414817,16.0,12.0,17.0,-0.6780005979116676,-0.12126735954956411,0.7249892528439974,4.029130906249391,-0.7261058114422494,-0.04299908834252304,-0.6862371521504093,3.809301067241407,-0.11439204439651143,0.9916881091903786,0.05889952690130805,2.8766408537157417,17.320947647266237,16.430744335280934,12.420132024178002,6.009867472341031,1.703298578272332,1944.0,3534.7206690289613, 0.0, 0.0,0.0,NaN, 143.78198094579142,143.78198094579142,0.0, 15.221269623532722, 0.849060737692429, -0.8049744703551225, 0.849060737692429, 8.403632735101395, -0.515720259868922, -0.8049744703551225, -0.515720259868922, 15.394830723212886, 2.1804482292828493, 1.178955083730121, 1.0, 0.0
1004, 0 ,1.0,1.0,1.0,170.45684695051784,144.0126582278481,108.84292289988493,3.284659703505084,3.508802142259569,3.3610951856143214,14.0,15.0,14.0,-0.49537167062862086,-0.8644866943688259,-0.08526231991840917,3.60036403853106,0.34237069929600655,-0.28450332618613566,0.8954552817715629,3.411632663723752,-0.7983665901089378,0.41439185881033613,0.43690980207537355,3.1298217275079283,15.457087351578906,15.670744072212585,13.581320739255794,5.66464303329815,1.5196914138805508,1738.0,3289.7226494675665, 0.0, 0.0,1.4210854715202004E-14,85.10889054537301, 222.18878481427197,222.18878481427197,NaN, 10.788989367830107, 1.1766106830199037, 0.6989178466578609, 1.1766106830199037, 12.311692473525342, -0.23621651541856872, 0.6989178466578609, -0.23621651541856872, 11.296960846759768, 2.161081168710568, 1.1970724855039534, 0.0, 0.0
1005, 0 ,1.0,1.0,1.0,13.359516616314199,141.61732124874118,140.15810674723062,4.170298827922886,3.629156584819881,3.0075730599038133,18.0,15.0,14.0,-0.9787361877823514,0.1256641212159898,0.16212342015971257,4.191338889329686,-0.1858873339409293,-0.8775409332449392,-0.4420043094359313,3.834392081466096,0.08672585430886881,-0.46274230314356835,0.882240436091989,2.7088339229931324,18.265745060721176,16.62891883260744,12.061600482924874,6.050030485175358,1.7334349340038804,1986.0,3663.585609934557, 1.7763568394002505E-15, 0.0,0.0,11.83670366780532, 199.69536111001383,199.69536111001383,0.0, 17.391392314174993, -0.05678115387774876, -1.0180706029822055, -0.05678115387774876, 13.170777517141502, 3.065035814650177, -1.0180706029822055, 3.065035814650177, 9.045495710659186, 2.4926507318428035, 1.2479091679330137, 0.0, 0.0
1006, 0 ,1.0,1.0,1.0,232.08174224343676,43.49105011933174,205.50477326968974,2.758778710180965,3.370062086617298,3.978984307338297,12.0,14.0,17.0,-0.13619025682313834,0.11709984099666099,0.9837376892164922,4.007023045537601,-4.298038017519154E-5,0.9929889716085663,-0.11820702354957198,3.3605065358705177,-0.9906827000100153,-0.016140926315390075,-0.13523039007023024,2.729699011310518,17.73670110795956,14.729251786986762,12.396832107770308,5.676539603011303,1.6054260160130551,1676.0,3238.651765896641, 0.0, 0.0,0.0,NaN, 124.23247985926197,124.23247985926197,0.0, 7.610859971747749, -0.13739490832246232, -1.1528364784889584, -0.13739490832246232, 11.357318467655338, 0.5403171832012811, -1.1528364784889584, 0.5403171832012811, 15.832316118044426, 2.713035271994254, 1.2105394552403808, 0.0, 0.0
1007, 0 ,1.0,1.0,1.0,243.84578313253013,122.04096385542168,202.78875502008032,2.804813756739767,2.9342063564904084,3.3453729443475027,11.0,12.0,14.0,-0.3105615095670979,-0.38529026089993224,0.868966606741057,3.457315927198821,-0.5071253272546002,-0.7060432652718984,-0.49429425448927644,2.974579339074748,-0.8039747827092089,0.5941837446614113,-0.023879412635635266,2.620479273782684,15.64479134670998,13.068950143182235,11.580970882424893,5.075530390109012,1.3809629062060838,1245.0,2367.8568657108713, 0.0, 0.0,0.0,NaN, 165.82315604675102,165.82315604675102,0.0, 7.866980209996645, 1.317963903808, -0.8759510330478698, 1.317963903808, 8.609566942468717, -1.0114269124691513, -0.8759510330478698, -1.0114269124691513, 11.191520136772278, 2.781006499346959, 1.372402610704665, 0.0, 0.0
1011, 0 ,1.0,1.0,1.0,41.39512774806892,73.20677361853832,259.50089126559715,3.676153668137564,3.0288808658175808,3.4093601422236213,16.0,12.0,15.0,-0.829885105742536,0.3256254973812027,-0.4530549047543181,3.786441055493992,0.5474167976826245,0.3182882038428769,-0.7739686485313055,3.4396080472743096,-0.10782189425900593,-0.8903149188628254,-0.44239550672297756,2.8537558208185154,16.743528797962952,14.80529548135371,12.776826736022826,5.646992162757095,1.5567405641981957,1683.0,3167.284520649174, 0.0, 0.0,0.0,NaN, 93.34327031551793,93.34327031551793,0.0, 13.514105791761267, -1.0311969437480604, 0.7664333383112876, -1.0311969437480604, 9.174119299315857, -1.8219311707830184, 0.7664333383112876, -1.8219311707830184, 11.62373657938307, 2.5995450378774674, 1.349638669182101, 0.0, 0.0
1012, 0 ,1.0,1.0,1.0,56.698658093879246,258.16852390326716,289.8443352778631,15.567242997090103,16.278163508987333,5.467808863454873,69.0,76.0,23.0,-0.6274895122360027,0.7786045915331865,-0.005639333051266592,17.516537417927676,0.7782841737425213,0.6274126584397431,0.025041983377820695,14.163492257599682,0.023035992180591203,0.011324578270906875,-0.9996704942085878,5.457197034953637,81.35581268637908,66.8710772696868,23.930707675981353,21.799806557432316,7.872930177612699,55369.0,130191.44552279937, 0.0, 0.0,0.0,NaN, 71.18811521614128,71.18811521614128,9.5367431640625E-7, 242.33905453045088, -51.94229945771079, 4.309681123212373, -51.94229945771079, 264.97860722532687, 1.4674548487827384, 4.309681123212373, 1.4674548487827384, 29.896933767275662, 5.947958545328687, 4.42841606891589, 2.0, 0.0
1013, 0 ,1.0,1.0,1.0,191.3338727076591,226.2567421790723,285.24541531823087,3.5424938340332246,3.422574868219255,3.5058385598401127,15.0,16.0,16.0,-0.8078301356313285,-0.07936762184384898,0.5840473033656788,3.585887320831364,0.5503402319405575,0.25321490237624844,0.7956178996994727,3.4655059466901155,0.2110357815003965,-0.9641488442234625,0.16087543351636402,3.418459588198692,16.27721720828606,15.750676926505264,15.798292722592194,5.832195744478557,1.5936367523615895,1854.0,4050.32188727867, 0.0, 0.0,-5.6843418860808015E-14,54.264285159510344, 132.15178040378626,132.15178040378626,0.0, 12.549262564163415, 0.12032178595159927, -0.41149518985161565, 0.12032178595159927, 11.714018728566051, 0.010885819051840327, -0.41149518985161565, 0.010885819051840327, 12.290904007661796, 1.9628517189040025, 1.1135215105305598, 0.0, 0.0
1014, 0 ,1.0,1.0,1.0,119.30457909343201,19.293304810360777,291.13107076780756,9.833369687977473,9.45536114285826,4.819701743278444,48.0,41.0,19.0,0.8788401678079574,0.4754543425068131,-0.03978853652367756,9.995638895522376,0.4750132508974903,-0.8797399494909619,-0.02049470032563988,9.291631677749715,0.044747859379860644,8.88516209206461E-4,0.9989979177254907,4.804302497951962,49.43225409920606,42.842491643648145,20.326950283016913,13.70486061100276,4.637384423298334,17296.0,43048.434277912595, 0.0, 0.0,0.0,NaN, 121.1795036666354,121.1795036666354,0.0, 96.69515942043418, 5.671188150960884, -3.302409852266995, 5.671188150960884, 89.40385434187385, -0.3130158421073234, -3.302409852266995, -0.3130158421073234, 23.229524894161273, 3.9895928301568473, 2.9182647935609545, 0.0, 0.0
1015, 0 ,1.0,1.0,1.0,281.48688602765856,286.3724368144969,294.47114926084885,4.2177209415457515,4.835793209952417,2.488361514786286,17.0,21.0,9.0,-0.12154814558889761,0.9919470218551493,0.03559710854269277,4.847458123718195,-0.9912842019084736,-0.11947488207789068,-0.05551021166555106,4.2111710243797456,-0.05081022879874024,-0.04203401462118742,0.9978233622561885,2.4767311684290463,21.388274258399065,17.679701148242486,9.824784665262598,6.561491669069961,2.076736867099644,2097.0,3715.127341371653, 0.0, 0.0,0.0,NaN, 23.643478124497584,23.643478124497584,0.0, 17.789169940753577, -0.7197224547455028, 0.5631648090955095, -0.7197224547455028, 23.384895969421898, 0.6900488446719606, 0.5631648090955095, 0.6900488446719606, 6.1919430282695, 2.29969621059948, 1.1677174827357952, 0.0, 0.0
1016, 0 ,1.0,1.0,1.0,195.4507204610951,131.03227665706052,24.20057636887608,3.875998456430296,3.131709397525607,3.343900587269262,16.0,13.0,15.0,0.9861168043781188,-0.11172774774757394,0.12284363437452483,3.8919140675088673,0.13513675248301243,0.11006322357703452,-0.9846949501973578,3.3381068328573225,-0.09649718260878129,-0.9876249273884731,-0.12363371930618805,3.118122285270061,16.61554253741764,15.260824205080464,13.719647663710049,5.777903470224732,1.6212558129748418,1735.0,3478.848166840435, 0.0, 0.0,0.0,NaN, 169.36846599831486,169.36846599831486,0.0, 15.023364034250037, -0.5765074039315945, 0.46809756745758163, -0.5765074039315945, 9.8076037505502, -0.22837595196372124, 0.46809756745758163, -0.22837595196372124, 11.181671137539718, 2.045762070833091, 1.1440658233675873, 0.0, 0.0
1017, 0 ,1.0,1.0,1.0,5.480338476854156,35.785465405674465,56.36734693877551,3.484551226098572,4.022122472476033,3.450344480329983,13.0,17.0,14.0,-0.1708922029394133,0.9632574802265277,-0.2071976876370863,4.080138970627119,-0.7409295568664879,0.012982310113540844,0.6714572595376015,3.6679168565290547,0.6494761325377127,0.26826570114674936,0.7114873623980248,3.1817126485283462,17.644233553822207,17.715535973942647,15.549506087244936,6.092345679662913,1.7628861515531458,2009.0,4860.418807877172, 0.0, 0.0,0.0,NaN, 66.99187596296954,66.99187596296954,0.0, 12.142097247305061, -1.1060100131786252, -1.4258286689489126, -1.1060100131786252, 16.177469183596713, -1.2731077498196854, -1.4258286689489126, -1.2731077498196854, 11.904877032943583, 2.1463007313389872, 1.144510195290797, 0.0, 0.0
1020, 0 ,1.0,1.0,1.0,83.39853896103897,249.07873376623377,114.19074675324676,2.927328323252853,3.0757961202387025,3.7078994422082827,13.0,12.0,15.0,0.07085220993572806,-0.2681082917966042,0.9607798437816698,3.7594096071627074,0.21285327514570967,-0.9369515487318617,-0.2771556937692427,3.0219438904395934,-0.9745119022397666,-0.22414222984273263,0.0093173598277266,2.9177021245373664,15.964795745515246,13.2677568790657,13.826635317641546,5.403434399189679,1.606607560226178,1232.0,2928.71680817905, 0.0, 0.0,-1.4210854715202004E-14,16.099857516655717, 150.2924425902719,150.2924425902719,0.0, 8.56925111211836, -0.23024210975712436, 0.346057909217405, -0.23024210975712436, 9.460521773275456, -1.2869337946955615, 0.346057909217405, -1.2869337946955615, 13.748518273528495, 1.9552856562780094, 1.0308013754668774, 1.0, 0.0
1025, 0 ,1.0,1.0,1.0,79.10715873721654,296.4019564250778,181.28101378390394,5.107086887880447,1.892701033964565,5.500248560961377,21.0,8.0,23.0,-0.3033276521349133,-0.005546269586876579,0.9528701770671548,5.54314804256997,-0.9524865762638988,0.030726967063077412,-0.3030266911217244,5.062633019096335,0.027598142825151304,0.9995124273308332,0.014603086106310736,1.8869670396689149,23.741526254940936,22.154131906457025,8.221708649410289,7.315034047870185,2.5313365630016067,2249.0,4324.395976742141, 0.0, 0.0,0.0,NaN, 142.7062933763603,142.7062933763603,0.0, 26.082336480360393, -0.6002096480408039, -1.481869418372984, -0.6002096480408039, 3.5823172039705327, -0.34906023150251453, -1.481869418372984, -0.34906023150251453, 30.252734232357696, 2.6704850608690838, 1.4761236411165244, 0.0, 0.0
1028, 0 ,1.0,1.0,1.0,54.86471067644662,96.48166259168704,211.7750611246944,2.73817260585785,3.5862111877609317,2.7456592206910817,12.0,15.0,12.0,0.04291068698291354,0.98658007545585,0.15753865448258836,3.6076497188358414,0.752645617120525,0.07177604180510597,-0.6545019288375367,2.7900994169340843,-0.6570260633885989,0.1466559052214456,-0.7394652104675108,2.6640858110552217,15.672215778216525,12.225154110200336,11.682300349016032,5.0874564238415,1.4194828615984874,1227.0,2238.2732925923106, 0.0, 0.0,-2.8421709430404007E-14,80.93594030880672, 141.78324137082546,141.78324137082546,0.0, 7.49758921947037, 0.28765769374087014, -0.2985654876126593, 0.28765769374087014, 12.860910683221672, 0.8874807459703379, -0.2985654876126593, 0.8874807459703379, 7.538644556165958, 2.310693142563712, 1.1300997408530102, 0.0, 0.0
1032, 0 ,1.0,1.0,1.0,155.02311161217588,273.2485907553551,250.24295377677564,3.094167734727963,3.5755157839299505,3.597278104969457,14.0,15.0,15.0,-0.28817660201865997,0.8294530771372599,-0.4784995704036823,3.6590193879144652,0.17745111107232614,-0.4447857263223891,-0.8778819743217542,3.57898157376401,-0.9409916839314657,-0.3378953247492399,-0.01901053088237892,3.016797121083908,16.022077146070686,15.770439425228972,13.641504782753145,5.7333342105019,1.5580358426380845,1774.0,3446.8699097016433, 0.0, 0.0,0.0,NaN, 155.5946647930133,155.5946647930133,0.0, 9.573873970631574, -1.3174702485735992, 0.013550673704731144, -1.3174702485735992, 12.784313121132207, -0.2537444281612519, 0.013550673704731144, -0.2537444281612519, 12.940409764492646, 2.5689413533740275, 1.299124608660448, 1.0, 0.0
1035, 0 ,1.0,1.0,1.0,202.2362842892768,119.0218204488778,273.48067331670825,3.394238210027628,3.5153950945808874,2.9779322263358625,14.0,15.0,13.0,0.40451049012257856,0.8999934221591708,-0.16242876423532893,3.5354996875193305,-0.8521012551873365,0.43540100024781375,0.29042971592344063,3.429470870276773,0.33210648034773155,0.020923887149099436,0.9430097966922795,2.9130581098801267,15.109746653547262,14.851441182616,13.060345510642378,5.524195807969391,1.49338431667062,1604.0,2930.761302155735, 0.0, 0.0,0.0,NaN, 156.29207446402125,156.29207446402125,0.0, 11.520853026411556, 0.24609105353822883, -1.0742987450326862, 0.24609105353822883, 12.358002671003366, -0.172583270626422, -1.0742987450326862, -0.172583270626422, 8.868080344649666, 2.442999759182668, 1.230676282244488, 0.0, 0.0
1036, 0 ,1.0,1.0,1.0,296.0057197330791,268.9876072449952,8.120114394661583,2.0142404562129115,3.505251255249207,3.3309459241400137,8.0,15.0,14.0,0.019772877539750624,0.9664192226147628,0.2562087419946394,3.518481238314191,-0.0052537914586557105,0.25635573653293625,-0.9665682252288065,3.3174875983054815,-0.9997906935899668,0.017765767850938974,0.010146255642332453,2.013384597670369,15.028478700750497,14.557378099335025,8.115066411467694,5.017207509240654,1.5055831217953255,1049.0,1775.3756561932867, 0.0, 0.0,0.0,NaN, 32.30571214234067,32.30571214234067,0.0, 4.0571646154447985, 0.1497372321544595, 0.0774826631382565, 0.1497372321544595, 12.28678636242614, 0.3389527999338454, 0.0774826631382565, 0.3389527999338454, 11.09520074954497, 2.3370051172316018, 1.2105099772093209, 0.0, 0.0
1037, 0 ,1.0,1.0,1.0,90.56389452332657,27.223799864773497,17.40027045300879,2.898988185562478,3.4148506605186046,3.3357367831241045,13.0,15.0,14.0,0.43020436567547016,0.6973267785686905,0.5732883808736916,3.570274318761083,0.11345201103434856,-0.6717888554104667,0.7320029883399093,3.329659207944252,0.8955740309689806,-0.24987016155857347,-0.3681196237864319,2.7127455221066095,16.271824917522586,14.989849193087826,12.163938698642681,5.387514580289908,1.4721290932272495,1479.0,2966.9330682349214, 0.0, 0.0,0.0,NaN, 96.1546862204194,96.1546862204194,0.0, 8.404132500030828, 1.3322183318315821, 1.6383870467820632, 1.3322183318315821, 11.66120503364435, 0.3208319675822124, 1.6383870467820632, 0.3208319675822124, 11.12713988628715, 2.1708878594689307, 1.111113447068747, 0.0, 0.0
1038, 0 ,1.0,1.0,1.0,2.8028616852146264,2.4578696343402227,17.267090620031798,2.0117124648623044,1.8220228216614196,4.280158826495039,7.0,6.0,18.0,0.06396857327076856,0.04378919056619964,0.9969907363778557,4.290750457521781,0.8868667473987981,-0.4605674584165329,-0.03667408630097734,2.059586604503821,0.4575755609645018,0.8865439205348443,-0.06829702021852128,1.7418603026034662,18.097380209204573,9.15484241379567,7.5593478883782,4.7074060871964365,1.877988741762487,629.0,1252.4226582364365, 0.0, 0.0,0.0,NaN, 17.66492499973453,17.66492499973453,0.0, 4.046987041282367, -0.4502768924353141, 0.9413660363814682, -0.4502768924353141, 3.319767162655041, 0.6916977765196192, 0.9413660363814682, 0.6916977765196192, 18.31975958002339, 3.089690323332724, 1.5118458012753717, 0.0, 0.0
1041, 0 ,1.0,1.0,1.0,277.1044642857143,243.83125,126.24017857142857,3.1992992645950955,3.8430254834012567,4.146253899206326,14.0,16.0,17.0,-0.22793045261826694,0.09834877328630208,-0.9686976966847356,4.197609411113096,-0.005879950013504918,0.9947284857425995,0.10237512315046994,3.8399454029875835,-0.9736596607424339,-0.029030302191240885,0.22615062811678072,3.135390977374775,18.22883865249534,16.626401683921358,14.08353650662761,6.261702270264173,1.7282553994599223,2240.0,4268.438155248634, 0.0, -2.8421709430404007E-14,0.0,84.35590657900948, 140.05611988753938,140.05611988753938,0.0, 10.23551578443872, -0.20335379464285117, 1.7168742028061217, -0.20335379464285117, 14.768844866071461, -0.24161272321427896, 1.7168742028061217, -0.24161272321427896, 17.191421396683666, 2.3502866537975415, 1.1832697283974076, 0.0, 0.0
1043, 0 ,1.0,1.0,1.0,12.987900355871886,252.61565836298934,153.29822064056938,3.3384201844808725,3.343496956409421,2.851489658960944,15.0,14.0,13.0,-0.7241130268823817,-0.6851756155557395,0.07870641744514212,3.579328402847155,0.5596665696686226,-0.6504570973510537,-0.5134967334862018,3.2179970310453974,0.4030305882865372,-0.32778032331648005,0.8544743439986666,2.699614378681558,15.738294319154733,13.54938719829056,12.32246143039741,5.3198481465870495,1.4677296065978418,1405.0,2627.6939666564913, 0.0, -2.8421709430404007E-14,0.0,46.750580118149394, 154.71061196715002,154.71061196715002,0.0, 11.145049328149303, 1.6238193538582308, -1.1963916363774518, 1.6238193538582308, 11.178971897519062, 0.7267182533149347, -1.1963916363774518, 0.7267182533149347, 8.1309932751612, 2.3689891095687488, 1.1591031266069975, 0.0, 0.0
1044, 0 ,1.0,1.0,1.0,151.8217168011739,32.8936170212766,179.1929567131328,3.4007980141869734,2.9939501812015217,2.9812636220054385,15.0,13.0,13.0,-0.900208729888695,0.40585731974513234,-0.15781026152148606,3.4944760799578956,-0.35536534064678915,-0.4752464793831056,0.8048951847917558,3.0350769045592614,0.2516738311767317,0.7806539693380548,0.5720486542747613,2.827373819416304,15.84803807009905,13.602033750978222,12.565901766834088,5.234732870155414,1.4193904969465072,1363.0,2708.7755094824006, 0.0, 0.0,0.0,NaN, 193.9926167672598,193.9926167672598,3.814697265625E-6, 11.56542713329806, -1.3351805310563338, 0.2508352760757659, -1.3351805310563338, 8.963737687516623, -0.7358923526014218, 0.2508352760757659, -0.7358923526014218, 8.887932783892987, 2.58735726674252, 1.2203170772920462, 0.0, 0.0
1046, 0 ,1.0,1.0,1.0,146.5608429639701,226.92250169952413,218.4418762746431,3.5014131899564966,3.019443584614582,3.137759381645667,15.0,13.0,13.0,0.987944097241906,-0.11728310045174176,0.10105016117405294,3.511231782947294,0.11075062929072024,0.07936008447668874,-0.9906746565364244,3.134696199248552,-0.1081700459304004,-0.9899225481522685,-0.09139250419556084,3.011212202654329,15.558978465402362,13.449102676275771,13.68402086821817,5.387695161028997,1.4816236622035635,1471.0,2863.440193174148, 0.0, 0.0,0.0,NaN, 182.95389854760182,182.95389854760182,0.0, 12.259894326801328, -0.3712195119696899, 0.2423195604482839, -0.3712195119696899, 9.117039560670156, -0.09831822208748467, 0.2423195604482839, -0.09831822208748467, 9.845533937105397, 2.180619379296585, 1.1434240298718512, 0.0, 0.0
1048, 0 ,1.0,1.0,1.0,83.38446849140675,240.93634627625715,280.8599618077657,3.3140117852518647,3.601721300388055,3.031049967730649,14.0,15.0,13.0,-0.48865724388383175,-0.8695677919287141,-0.07117551011462808,3.6975246620351587,0.6724744470046018,-0.4273602212058281,0.6042692772736011,3.4469616278874526,-0.5558706829161906,0.247416847791588,0.7935947878502995,2.754832346051301,16.71421530218572,15.22289468368021,12.508256214958067,5.5456841339485505,1.5452254954563587,1571.0,3182.5849417441536, 0.0, -2.8421709430404007E-14,0.0,29.591547079100426, 103.96069372023638,103.96069372023638,0.0, 10.982674112788251, 1.3510164539405956, 1.9558135379436652, 1.3510164539405956, 12.972396325669022, -0.7320202541205756, 1.9558135379436652, -0.7320202541205756, 9.187263906879966, 2.227618043055434, 1.0932592612490029, 0.0, 0.0
1050, 0 ,1.0,1.0,1.0,258.8386492394165,6.609135923629388,30.456439309452648,10.3195528055951,4.5917084850763015,11.964575959334242,50.0,19.0,58.0,0.1754953049258658,0.049133955700075574,0.9832534018991443,12.022912743608744,-0.9815427070488127,-0.06836472158033279,0.17860621232905796,10.285560011971473,-0.07599547478808412,0.9964497575093826,-0.036229388225956186,4.514959491044206,57.9061738347797,49.954777597329524,20.054794022818673,15.526929738846247,5.444491499763179,22417.0,58012.30283238307, 0.0, 0.0,-3.552713678800501E-15,10.500473378151536, 51.62879205930708,51.62879205930708,NaN, 106.4931701074657, 6.801768507640088, 6.45273412955748, 6.801768507640088, 21.083786811921705, 4.955717590642072, 6.45273412955748, 4.955717590642072, 143.1510778866789, 4.992782700853885, 3.3649769795763875, 1.0, 0.0
1051, 0 ,1.0,1.0,1.0,241.94196804037006,54.063919259882255,57.291000841042894,2.492882348005441,3.1485698538675764,3.343939160279821,10.0,14.0,14.0,-0.17838825160380425,0.13306107185569538,-0.9749217316514961,3.3694400415952575,-0.10963325115384115,0.9819569252156808,0.1540816253237382,3.156011098736176,-0.9778334121572945,-0.13437019080726012,0.16058166112991795,2.448744858919025,14.761640465103255,14.538541582452272,10.528819486577248,5.03475290714649,1.400409510576665,1189.0,2259.618627645455, 0.0, 0.0,0.0,NaN, 97.85653385509245,97.85653385509245,0.0, 6.214462400997121, -0.5539020782742878, 0.8646585853927325, -0.5539020782742878, 9.91349212468369, -0.09513546166464408, 0.8646585853927325, -0.09513546166464408, 11.181929107652914, 2.4267417810312133, 1.1835356032414746, 0.0, 0.0
1053, 0 ,1.0,1.0,1.0,48.071080139372825,163.22090592334496,73.93728222996516,3.0171114581779914,2.9460861442847874,3.6099316546173217,13.0,12.0,15.0,0.057793907456507705,0.254851851917794,0.9652514687038709,3.658496005875215,0.9204230273232824,-0.3880463071326767,0.04734463320944544,3.0411895374391635,0.3866281353367254,0.8857034476023926,-0.2569982254243862,2.8601686740452115,16.43611671635216,14.246432564789277,13.090499637344237,5.349767956960479,1.4812071017595598,1435.0,3065.2194051992856, 0.0, 0.0,0.0,NaN, 162.7454178333448,162.7454178333448,1.9073486328125E-6, 9.102961551068924, -0.30490063009142077, 0.33686216901989724, -0.30490063009142077, 8.679423569546804, 1.2605446223700632, 0.33686216901989724, 1.2605446223700632, 13.031606551008155, 2.1469327111692795, 1.0563580638853858, 1.0, 0.0
1054, 0 ,1.0,1.0,1.0,45.68865979381443,176.8852233676976,83.05635738831616,3.479933925844856,3.3829806803232247,2.7960918594900512,14.0,15.0,12.0,-0.7955733755023208,0.5476288454114012,0.25916336906518955,3.662995719207948,0.5315899087139865,0.8361707635991038,-0.13502082452550607,3.2563304309006607,0.2906461304495541,-0.030349658572509944,0.9563491648342841,2.7113470055024838,16.30776696649353,14.46482185264881,11.973071465424894,5.395502203406618,1.5037234025668094,1455.0,2824.3151842340994, 7.105427357601002E-15, 0.0,0.0,37.29055400876905, 155.38037315437344,155.38037315437344,NaN, 12.109940128245992, -1.1972466078577217, -1.484171892159991, -1.1972466078577217, 11.444558283440188, 0.4937537346039856, -1.484171892159991, 0.4937537346039856, 7.818129686706533, 2.226246138106507, 1.1235734307435115, 0.0, 0.0
1055, 0 ,1.0,1.0,1.0,69.73388773388774,215.1039501039501,86.94317394317395,2.6789149873084437,3.402987506150783,3.4738245306796576,12.0,14.0,14.0,0.1718329549313412,-0.5814273779046093,0.7952456474716063,3.562186974141162,0.0465803728464871,-0.8015543706358392,-0.5961047389344141,3.3370004182537922,-0.984024239775142,-0.13947327750344926,0.11065035199853572,2.645679216388282,15.914705728135033,14.731565093491895,11.947764154805142,5.3551216945781785,1.4652774421432917,1443.0,2801.13566376015, 0.0, 0.0,0.0,NaN, 140.10449629383083,140.10449629383083,0.0, 7.176585509225799, -0.7228573527949841, 0.6626325669984621, -0.7228573527949841, 11.580323967018327, -0.654522585915526, 0.6626325669984621, -0.654522585915526, 12.067456869951744, 2.4156567827125266, 1.1330020611769165, 0.0, 0.0
1056, 0 ,1.0,1.0,1.0,247.95961227786754,171.7600969305331,85.58400646203555,3.0342658878392017,2.634698989034166,3.452512293573549,13.0,11.0,15.0,-0.20071026960869479,-0.221917615191929,0.9541844474424909,3.524522955482748,0.9371300691811574,-0.32733429174574213,0.1209937803518527,3.0540628576487427,0.2854866391096509,0.9184796315187617,0.27366502402578863,2.513699937543126,15.760153290064679,14.509677990885052,10.376940970732164,5.103085016780401,1.4236476704964824,1238.0,2372.9443752510724, 0.0, 0.0,0.0,NaN, 162.7215316288225,162.7215316288225,0.0, 9.206769478104619, -0.651046165972001, -0.827786491840253, -0.651046165972001, 6.941638762817656, -1.4115913414987487, -0.827786491840253, -1.4115913414987487, 11.919841137276487, 2.626527013536994, 1.3063116383016478, 1.0, 0.0
1057, 0 ,1.0,1.0,1.0,235.40919719407637,175.5128604832424,89.99142634450507,3.719319437691103,2.861105014390792,2.6791108577557154,15.0,12.0,11.0,-0.9944881171818111,0.10449572071826299,-0.008604018581285223,3.727904773702831,0.10033510760037824,0.9722808453889028,0.21119380642590238,2.8581079482788683,0.030434371473661813,0.2091664457828067,-0.9774063366847954,2.6703630699386864,15.57010813778058,12.712815585571178,11.291540080993009,5.198729631455462,1.4731273502758053,1283.0,2235.0464658183228, 0.0, -2.8421709430404007E-14,0.0,84.00188634021418, 166.6357600507672,166.6357600507672,0.0, 13.833337079586864, -0.6019109537819619, 0.0798917919990953, -0.6019109537819619, 8.185921903372133, 0.20704712807144415, 0.0798917919990953, 0.20704712807144415, 7.177634988144565, 2.3039431628406, 1.1748618744429042, 0.0, 0.0
1058, 0 ,1.0,1.0,1.0,137.42531876138435,179.0591985428051,148.56284153005464,2.974447360838388,2.893865141928704,2.8345648134461143,13.0,12.0,11.0,-0.8002213123524843,-0.11190879962098982,0.5891708341595476,3.1308820182661483,0.12248479470660022,-0.992224188392799,-0.022105090679152267,2.89139248910537,0.5870633069120827,0.05447550399620684,0.8077060685310029,2.663452178158647,13.739618708395682,12.541219324925748,11.542224277152258,4.853190462550123,1.3050258916618447,1098.0,1988.8588056811307, 2.8421709430404007E-14, 0.0,0.0,36.84875867303776, 235.7611366982711,235.7611366982711,0.0, 8.847337102398452, 0.08866510064664553, -1.2803706689758867, 0.08866510064664553, 8.374455459670038, -0.15080573720724105, -1.2803706689758867, -0.15080573720724105, 8.034757681626806, 2.3559058807749564, 1.1645343075658154, 1.0, 0.0
1060, 0 ,1.0,1.0,1.0,234.51048445408532,5.017353579175705,186.3174258857556,3.3615147800288963,3.011616880645946,3.10291655260529,13.0,11.0,12.0,0.951922323275165,0.04710404800694755,0.3026963810681774,3.387882086608661,-0.2773383808815435,0.5521723342443988,0.7862500466041932,3.1245384001001852,0.13010500736103897,0.8323982952628214,-0.5386889316694122,2.9592606742414156,14.238272536993179,14.770915712893654,13.840977276683361,5.28076397506201,1.4530109511849771,1383.0,2910.928091139325, 0.0, 0.0,0.0,NaN, 131.292719297826,131.292719297826,0.0, 11.29978161635272, -0.03199683795954324, 0.5646401479801466, -0.03199683795954324, 9.06983623579162, 0.47533028108595454, 0.5646401479801466, 0.47533028108595454, 9.628091132431898, 2.0688531040843636, 1.1009039453028058, 0.0, 0.0
1062, 0 ,1.0,1.0,1.0,2.8404624277456647,174.96878612716762,215.94682080924855,2.012671940747887,2.7668887026742994,3.5659847333071526,7.0,11.0,14.0,0.029435308326525505,0.21435758903350582,0.976311623738786,3.603005604531434,0.02962871795966705,-0.9764927803697311,0.2135040724619992,2.7204720921162378,-0.9991274701937632,-0.02264230353861324,0.03509450661679716,2.0100126273165535,15.042814191523632,11.654694309834383,7.355027457984743,4.721328278970691,1.4600780234055837,865.0,1289.4790079918168, 0.0, 0.0,0.0,NaN, 150.68447033914927,150.68447033914927,0.0, 4.0508483410738645, -0.04081793578134888, 0.27822112332520327, -0.04081793578134888, 7.655673092986668, 1.1705944067626657, 0.27822112332520327, 1.1705944067626657, 12.716247118179686, 2.3081163708874257, 1.1523307674736736, 0.0, 0.0
1069, 0 ,1.0,1.0,1.0,92.3121387283237,7.339388934764657,107.7514450867052,2.917530312089328,2.9417004059092946,3.175591386381502,12.0,12.0,14.0,0.2822430433413249,0.24374151879882022,0.9278625633675879,3.188153827499533,-0.6211405509605212,-0.6906581728008678,0.3703723859790665,3.1014205556943875,-0.7311109905054686,0.6808680932141047,0.043535723321222186,2.7325502305106375,13.922410053540403,14.0284228297269,12.07718655755341,5.041479959559275,1.3540475880520395,1211.0,2358.7887249710293, 0.0, -8.881784197001252E-16,-1.4210854715202004E-14,19.155072059104914, 142.07663954643027,142.07663954643027,0.0, 8.51198312196005, 1.1087621656969058, 0.21135735526460442, 1.1087621656969058, 8.653601278126908, 0.05958387230731694, 0.21135735526460442, 0.05958387230731694, 10.084380653260391, 2.3294277058515935, 1.142773434170816, 0.0, 0.0
1070, 0 ,1.0,1.0,1.0,23.512208067940552,53.333333333333336,103.32590233545648,3.52310535539922,3.2325529296562174,3.8417402482254626,15.0,13.0,16.0,-0.10741496389545095,-0.1336084717848477,0.9851958190119652,3.857269709971038,0.9813483831154902,-0.1731497418396473,0.083513578880783,3.5268078798900726,0.1594282800758769,0.9757909320997921,0.14971533102480425,3.2099430658490404,16.672198898795997,15.9261513555318,14.071571892724805,5.910133657756267,1.6404139936502493,1884.0,3736.3395358868474, 0.0, 0.0,1.4210854715202004E-14,9.871134387077497, 118.63182737406882,118.63182737406882,0.0, 12.412271345242665, -0.2970629865534328, -0.30918033636702424, -0.2970629865534328, 10.449398443028995, -0.6330502476999263, -0.30918033636702424, -0.6330502476999263, 14.75896813483544, 1.9998943607170616, 1.0403483201284502, 0.0, 0.0
1075, 0 ,1.0,1.0,1.0,200.18136439267886,5.395174708818636,131.1638935108153,3.070505733517525,3.0082100654867427,3.0139322878229584,13.0,12.0,12.0,-0.6716120979493518,-0.6801319998057012,-0.29386672613340975,3.190462131576782,-0.5647698329552455,0.21323623342303927,0.7972235223193431,3.070866674837035,-0.47955419471815136,0.7013920241889359,-0.5273300700058478,2.819902541860509,15.070653253900133,13.927326109423845,12.881163876050266,5.0599600130851865,1.3992590036232315,1202.0,2703.6777553188977, 0.0, -8.881784197001252E-16,0.0,47.14604116487318, 164.91462908293593,164.91462908293593,0.0, 9.428005459563996, 0.8393110761044412, -0.22606388132924013, 0.8393110761044412, 9.049327798095753, 0.6964647107843023, -0.22606388132924013, 0.6964647107843023, 9.083787835581731, 1.9307563177460243, 1.0278026392117816, 0.0, 0.0
1077, 0 ,1.0,1.0,1.0,150.31068765534383,175.82850041425021,144.77133388566693,3.1465834931833943,3.1976456212755187,2.716497841703565,14.0,14.0,12.0,0.5313959086679453,-0.8451560260813031,0.05770337797242068,3.228016843523406,0.8399413277776583,0.5345179756795484,0.09375019768801617,3.1204258628838644,-0.11007703730603047,-0.0013510195768117574,0.9939221401116033,2.710744439262306,14.34851392498188,13.897250491605405,12.257296793257325,5.0560659045822405,1.3933711965365958,1207.0,2444.1649456954437, 0.0, 0.0,0.0,NaN, 242.45451254745734,242.45451254745734,0.0, 9.900987679574213, -0.3071148760098, 0.28231134455252993, -0.3071148760098, 10.224937519262497, -0.03010263932638113, 0.28231134455252993, -0.03010263932638113, 7.379360523980128, 2.0491888603101414, 1.0928762544974149, 0.0, 0.0
1080, 0 ,1.0,1.0,1.0,20.526539278131636,289.39702760084924,172.61712668082095,3.0159114228694532,3.4802310483617744,3.225634401558148,13.0,15.0,14.0,0.27758160578712043,0.8358345046299877,0.4736339652079311,3.6217307905969296,0.2604667281536302,-0.540019201032137,0.8003351460741662,3.133618037253341,-0.9247191658301386,0.09879242575499637,0.3676064756772613,2.9454967713670617,15.84986563863663,13.905240399533824,13.42862449712294,5.408366003292392,1.536887870835805,1413.0,2959.61770303838, 0.0, 0.0,0.0,NaN, 129.46102986414041,129.46102986414041,0.0, 9.09572171059445, 0.8695056369201415, 0.8222630923348968, 0.8695056369201415, 12.112008149981294, 1.2638301005374666, 0.8222630923348968, 1.2638301005374666, 10.404717292515391, 1.7425771684023985, 0.9428297650793177, 0.0, 0.0
1084, 0 ,1.0,1.0,1.0,48.90082028337062,12.595078299776286,233.62938105891126,2.8439148503653344,3.360196844130388,3.1289467111890454,12.0,14.0,13.0,-0.06386598266804054,0.997909156405188,0.009922289077200738,3.362204485858868,0.07900614379700915,-0.004855503038448755,0.9968623040984999,3.1306344789271527,-0.9948261986398288,-0.06444951243360623,0.07853085283440209,2.8396814581068877,14.226192120344795,13.363951678342431,12.302405967048369,5.214521093758746,1.4063611881868199,1341.0,2338.9105899660885, 0.0, 0.0,0.0,NaN, 83.39655436759492,83.39655436759492,0.0, 8.087851676128482, -0.20719954222949574, 0.13475591412019952, -0.20719954222949574, 11.290922831303819, 0.023679280379429464, 0.13475591412019952, 0.023679280379429464, 9.790307521460743, 2.086309820280246, 1.066030828823095, 0.0, 0.0
1085, 0 ,1.0,1.0,1.0,182.28865979381445,23.067010309278352,275.4425625920471,3.467166142686309,2.7923868282735294,3.17888605573723,14.0,12.0,14.0,0.9020660188435543,-0.15871856658685746,0.40135435000552105,3.5481066340960243,0.4169999405845105,0.08070033168011873,-0.9053167987059745,3.110431613977488,-0.11130115543091054,-0.9840202605065267,-0.1389826597544172,2.76769512463341,15.914560413608967,13.68860255469923,12.308810756448977,5.270125428163388,1.4662059154470808,1358.0,2681.450942200543, 0.0, 0.0,0.0,NaN, 122.43820608694915,122.43820608694915,NaN, 12.021241060990262, -0.6378998830906575, 1.0239436405872706, -0.6378998830906575, 7.7974241987155, -0.46117319283968317, 1.0239436405872706, -0.46117319283968317, 10.105316555360602, 2.0435614091658274, 1.0328279203052688, 0.0, 0.0
1086, 0 ,1.0,1.0,1.0,207.37766714082503,187.70056899004268,282.8520625889047,3.5746916177930204,2.93588911761986,3.062788758238228,15.0,12.0,14.0,-0.937334913218164,-0.023747951352888007,0.3476194690589665,3.645046407378414,-0.2697484413444574,0.6809491241493779,-0.6808407072968171,3.2464254459052704,-0.22054260099702447,-0.7319455752490995,-0.6446833610531075,2.6368349518135115,16.540855884391007,14.427252055347878,11.98246410860179,5.340633222560296,1.5020575331705444,1406.0,2859.4844153741897, 0.0, 0.0,0.0,NaN, 146.57459024977967,146.57459024977967,0.0, 12.77842016231968, -0.5177824564101354, -1.4050108354967263, -0.5177824564101354, 8.619444910958721, -1.7149940612170052, -1.4050108354967263, -1.7149940612170052, 9.380674977590466, 1.997933888630372, 1.0679610352103657, 0.0, 0.0
1091, 0 ,1.0,1.0,1.0,148.89666484417714,51.24439584472389,130.2050300710771,3.2969881757322383,3.5775983539492495,3.6464977335522346,14.0,16.0,16.0,-0.22440334325978153,0.4863314376177032,-0.8444672121038982,3.7558302522861897,-0.44312202751712787,-0.8227198576569416,-0.35605463702366075,3.560519410443328,0.8679205080322405,-0.29430217226795863,-0.4001252593069057,3.191038604869629,16.867197169698343,15.957083357418213,14.098829428339108,5.862268090893552,1.6124824229714116,1829.0,3794.7178636740687, 0.0, 0.0,0.0,NaN, 204.3270778996755,204.3270778996755,0.0, 10.870131030918193, 0.4812415607724525, 1.137097147858708, 0.4812415607724525, 12.799209982180379, -0.8806169719909546, 1.137097147858708, -0.8806169719909546, 13.296945720801583, 2.0892688176585, 1.10610779595184, 0.0, 0.0
1092, 0 ,1.0,1.0,1.0,125.25982013344938,5.863881636205396,133.1365245140702,11.494569359999542,4.1379369231063095,9.00434655644261,52.0,17.0,41.0,-0.9587314010369135,-0.060363393660528834,0.2778315341561891,11.719660607930221,0.27535528352388133,0.04622870752975268,0.9602303757097105,8.74191206750799,0.07080655690881149,-0.9971053942818244,0.02769953416226691,4.068713838408083,52.59597023596734,38.64286320183376,17.914383965352112,14.28653706397423,5.120621288442464,17235.0,36410.24882020183, 0.0, 0.0,0.0,NaN, 182.89270572494993,182.89270572494993,0.0, 132.12512477184026, 7.752801742562965, -16.346931057383586, 7.752801742562965, 17.12252197960651, 0.6316383237602992, -16.346931057383586, 0.6316383237602992, 81.07825690851989, 5.426693929255026, 3.3223657208227855, 0.0, 0.0
1096, 0 ,1.0,1.0,1.0,173.45332050048123,14.295476419634264,175.06544754571703,2.8218667062202045,2.699283179214501,3.0667187317214264,11.0,12.0,12.0,0.34312005623099334,-0.08286786586251177,0.9356289562745659,3.099138119543628,-0.771754366200345,0.5429200039069494,0.3311088455604631,2.8549572169695616,0.5354099599958376,0.8356858178556528,-0.12233310497238563,2.6264781312663708,13.700607141993288,13.05423022994043,11.523240398425258,4.792500559675196,1.298369575378421,1039.0,2060.94168480587, 0.0, 0.0,0.0,NaN, 178.40141573252782,178.40141573252782,0.0, 7.962931707674066, -0.6017029775242909, 0.5487720942899704, -0.6017029775242909, 7.286129681590343, 0.015310494191405361, 0.5487720942899704, 0.015310494191405361, 9.404763779491073, 2.1222674138162776, 1.0629180656533281, 0.0, 0.0
1097, 0 ,1.0,1.0,1.0,103.45439330543932,266.4652719665272,178.018410041841,3.053534125734686,2.692824618117975,3.296961321791432,13.0,11.0,13.0,-0.43568981968706644,0.04410017645947309,0.8990158816490927,3.3754813156243477,0.8432600093610061,0.36929742650027114,0.39055341170287294,3.0170342464540036,0.31478077710293634,-0.9282642862981,0.198087044376838,2.636087874474572,14.781135375707152,13.403514519734358,11.64889492600301,5.048331265020472,1.3998858799823473,1195.0,2307.869308263218, -1.4210854715202004E-14, 0.0,0.0,64.17080370022053, 163.42245184550362,163.42245184550362,0.0, 9.324070657026295, 0.5852362528667251, -1.0317963621085016, 0.5852362528667251, 7.251304423942218, 0.48683181316854135, -1.0317963621085016, 0.48683181316854135, 10.869953957388708, 2.124524378377523, 1.0969065709174726, 0.0, 0.0
1102, 0 ,1.0,1.0,1.0,113.01774098166766,287.264340626848,7.985807214665878,3.743827387464065,3.090478667029701,3.6512401895834423,16.0,14.0,15.0,-0.8783261217723096,-0.10876325526653437,-0.4655252711896967,3.773138210340025,-0.47778958758847523,0.16684750037019852,0.862484215282953,3.643754791082071,-0.01613486301301673,0.9799655432330482,-0.19851246880613785,3.0635495570758344,16.70381965605266,16.70858030299802,14.148812268901054,5.84098316255809,1.6678646573489635,1691.0,3948.8926437531736, 0.0, 0.0,0.0,NaN, 114.01306904534272,114.01306904534272,0.0, 14.016243507126005, 0.15320507462717342, 0.37990880163218477, 0.15320507462717342, 9.551058391365677, 0.805644101149819, 0.37990880163218477, 0.805644101149819, 13.331554922029332, 1.7114510723361598, 0.8710999155394686, 0.0, 0.0
1104, 0 ,1.0,1.0,1.0,76.22974261201144,227.68064823641564,32.426120114394664,2.5964028850272367,3.5491935951135534,2.5792536495687464,11.0,15.0,11.0,0.04620638069953476,0.9883293711550267,0.14515517384839746,3.5670871205739965,-0.7339802140738992,0.1321576701387845,-0.6661887086790959,2.7977548223005386,-0.6775972371037846,-0.07575885648422281,0.7315207310346852,2.3321856560565046,15.497974024118065,12.331804606514211,10.220784696837072,4.898109364207388,1.4139155427572163,1049.0,1953.375801544533, 0.0, 0.0,0.0,NaN, 109.96597457337299,109.96597457337299,0.0, 6.741307941377758, 0.10101408486542672, 1.216687371240124, 0.10101408486542672, 12.59677517559507, 0.8348429345302364, 1.216687371240124, 0.8348429345302364, 6.652549388813698, 1.947601246794027, 0.9597226954374438, 0.0, 0.0
1105, 0 ,1.0,1.0,1.0,295.95360262008734,279.6653930131004,36.69650655021834,2.0374571314786634,4.449981963374879,4.479042515643748,8.0,19.0,18.0,0.009314768224425356,-0.546028455249152,0.8377148447718649,4.500450001366206,0.002586827477197497,-0.8377352279558138,-0.5460705047568707,4.428499957343389,-0.9999532706164467,-0.007253543964517432,0.006390828070474339,2.0370888068348325,18.873036837065754,19.121461303896837,8.109643857105596,6.324086341123426,2.005324124408579,1832.0,2926.608628464897, 0.0, 0.0,0.0,NaN, 42.148584389728285,42.148584389728285,0.0, 4.151231562613263, -0.11541571718693, 0.10382262924048086, -0.11541571718693, 19.802339474361737, -0.2931449152380785, 0.10382262924048086, -0.2931449152380785, 20.061821856944274, 4.241398783750409, 1.7618676328043406, 0.0, 0.0
1110, 0 ,1.0,1.0,1.0,93.12557710064635,250.98891966759004,116.56325023084025,2.3131806506100054,2.8297109595340286,4.131094770957999,11.0,13.0,17.0,-0.09568430690605484,-0.16951130099001144,0.9808722813132105,4.177804920778334,-0.03039216382021035,-0.9844366214070824,-0.17309204144308352,2.780884149236537,-0.9949476517838685,0.046373023076810224,-0.08904332058320959,2.2883710879019077,17.713753901086754,12.399968609243672,11.617803162352232,5.252323292092618,1.6843731412135183,1083.0,2551.850375448018, 0.0, 0.0,1.4210854715202004E-14,11.224420127780062, 157.0396459816942,157.0396459816942,0.0, 5.350804722356528, 0.27285958006256106, -1.1335198812504867, 0.27285958006256106, 8.007264114506993, -1.605947365863267, -1.1335198812504867, -1.605947365863267, 17.065944006636517, 2.2470659179920855, 1.1722872956562125, 0.0, 0.0
1113, 0 ,1.0,1.0,1.0,244.3271665043817,54.877312560856865,138.94547224926973,2.7005845330923046,2.8178284440133874,3.158109828421586,12.0,12.0,13.0,-0.30658769269440195,0.0670401594846593,0.9494785957063986,3.2080110018747328,-0.08110293046634194,0.992049040554111,-0.09623417171379361,2.8178971191336126,-0.9483808841167641,-0.10650970919094514,-0.29871287299004323,2.6410401145136855,14.077280686109177,12.46686227568464,12.084506064572224,4.832655351243555,1.3610341306295468,1027.0,2120.825008088328, 0.0, 0.0,0.0,NaN, 159.42656015201922,159.42656015201922,0.0, 7.293156820377382, -0.14583935778764123, -0.9578176005400412, -0.14583935778764123, 7.940157139890909, 0.11891869854720626, -0.9578176005400412, 0.11891869854720626, 9.973657688373018, 1.8196917468175915, 0.9395565506578419, 0.0, 0.0
1114, 0 ,1.0,1.0,1.0,67.60491803278688,296.4213114754098,161.05901639344262,2.28027365552932,1.895085512504481,3.6146050301964476,10.0,8.0,14.0,-0.04599899970874358,0.015519152812749713,0.9988209288565038,3.6172192065892492,0.9979662826544049,-0.0434567553234397,0.04663484857600394,2.2772904688978413,-0.044129250058698825,-0.99893476579441,0.013488623967019648,1.8936842133459764,14.168047461555517,10.113211185766929,8.367825996601255,4.436077903970085,1.4756623590900555,610.0,1198.979396400371, 0.0, 0.0,0.0,NaN, 154.55687910712197,154.55687910712197,0.0, 5.199647944101047, -0.07617038430529464, -0.3619295888202102, -0.07617038430529464, 3.591349099704371, 0.14398817522171317, -0.3619295888202102, 0.14398817522171317, 13.065369524321461, 2.079988374817567, 1.0025282711121657, 1.0, 0.0
1116, 0 ,1.0,1.0,1.0,140.33737517831668,219.28102710413694,172.5,3.2472331622734605,2.921619365246812,3.579193718528009,14.0,12.0,15.0,0.32243806417525134,0.07960186795383732,0.9432376356937718,3.642832345851922,0.7941546398603707,-0.5650089661115609,-0.22379293152776294,3.400239034873345,-0.5151233859563759,-0.821235904495051,0.24539659005176437,2.656907526814323,16.405630984633348,15.733901030967317,12.100005059330954,5.425198171442668,1.567876079567253,1402.0,3123.308654517432, 0.0, 0.0,0.0,NaN, 206.07372820741293,206.07372820741293,0.0, 10.544523210168498, -1.8608600715098327, 1.0888017118402316, -1.8608600715098327, 8.535859715385184, 1.0356633380884497, 1.0888017118402316, 1.0356633380884497, 12.810627674750357, 1.7721843447392744, 0.9280747930837877, 1.0, 0.0
1119, 0 ,1.0,1.0,1.0,167.48831587429493,75.1563255439162,192.9242546333602,3.5618265036417003,2.8189631889224467,2.8311152370619665,15.0,12.0,12.0,-0.970735929517804,-0.1721035531543042,0.16748767756127197,3.6084321992224733,0.004821810020576759,0.6833223335398303,0.7301009098979442,2.898570718215031,0.24010103142496184,-0.7095427791735638,0.6624956899718858,2.6880996713644314,15.74730031247509,12.77723138733927,12.26014677359045,5.150944237195838,1.4546987500399498,1241.0,2466.826123632868, 0.0, 0.0,2.8421709430404007E-14,80.35822067676675, 186.20696803534295,186.20696803534295,0.0, 12.686608042044458, 0.9720118617137629, -0.9380324801097966, 0.9720118617137629, 7.9465534604998105, 0.41957663265763734, -0.9380324801097966, 0.41957663265763734, 8.015213485524436, 1.8980179183143076, 0.9987300176779483, 0.0, 0.0
1123, 0 ,1.0,1.0,1.0,26.744239631336406,180.8168202764977,237.64055299539172,2.632485202026825,3.3874045676633706,2.3392691891608854,11.0,14.0,9.0,0.23638746157022228,0.9685680450633711,0.07743971910141667,3.4335284045440235,0.9448118114238012,-0.247730131040923,0.2143838220774195,2.591449307336119,0.2268294712035059,0.022488313777756425,-0.9736748259747557,2.3177449311714233,14.346554734699282,11.712579167089835,9.64790300480908,4.689048800483194,1.374587112540104,868.0,1621.186906796273, 0.0, 2.8421709430404007E-14,-2.8421709430404007E-14,69.98022197854792, 137.14439585044497,137.14439585044497,0.0, 6.929978338890215, 1.154762789611162, 0.38963452186285735, 1.154762789611162, 11.474509705026668, 0.4099630486950278, 0.38963452186285735, 0.4099630486950278, 5.472180339357427, 2.5990136216656405, 1.1074379167807196, 1.0, 0.0
1125, 0 ,1.0,1.0,1.0,256.6076993583868,245.7396883593034,261.8120989917507,2.505373752584055,3.442345817047581,2.8391786120168345,11.0,14.0,13.0,0.10970504113693878,-0.9612966461432889,-0.25273219435364297,3.4831909632405496,0.45030448624712904,0.2747437836683797,-0.8495538376120088,2.9020181849909656,0.8861098541461163,-0.020606102233257192,0.46301697046209944,2.3734465915198197,14.798196946831467,12.695589779641267,10.351891846325316,4.925601548295129,1.387813727648135,1091.0,1944.8289470696714, 0.0, 0.0,0.0,NaN, 79.28044498950236,79.28044498950236,0.0, 6.27689764013711, -0.34043389754185455, -1.2469492497990002, -0.34043389754185455, 11.84974472414498, 0.9281724231505085, -1.2469492497990002, 0.9281724231505085, 8.06093519093384, 2.135139211370353, 1.0129098444183298, 0.0, 0.0
1126, 0 ,1.0,1.0,1.0,134.5641646489104,77.046004842615,288.28329297820824,2.759772263476893,2.6974680568362763,2.548728364290411,12.0,11.0,10.0,-0.5716955660447496,0.762735532170936,-0.30232215884498465,2.8307380890890093,-0.757417544263963,-0.34897682402627633,0.5518458479808294,2.7807365247736473,0.3154090097094892,0.544471931559793,0.7772177766479785,2.3755250766130436,12.838512919402547,12.281157826629709,11.061618851090032,4.457758839631701,1.2316977171905648,826.0,1744.1053930226612, 0.0, 0.0,0.0,NaN, 155.50203372722115,155.50203372722115,NaN, 7.616342946256374, -0.4811601170200913, -0.4636979755993142, -0.4811601170200913, 7.276333917652075, -0.9488681999659978, -0.4636979755993142, -0.9488681999659978, 6.496016274938473, 1.8241280017840082, 0.924638631126023, 1.0, 0.0
1128, 0 ,1.0,1.0,1.0,128.68117408906883,154.4078947368421,92.7085020242915,2.8321051665053765,2.493436408357526,3.0667421594695528,13.0,11.0,12.0,-0.14225432523061085,0.012818534405124822,0.9897471354486903,3.0713585424117236,-0.9703602060958846,0.1955427104481436,-0.1420004183660943,2.840170884437189,0.1953580747722906,0.9806114080339359,0.015378200641361282,2.478535519311174,12.626692854752719,13.059310392224859,11.388177913331532,4.694044722568656,1.2684228048496538,988.0,1877.863860244072, 0.0, 0.0,0.0,NaN, 215.29229439877255,215.29229439877255,0.0, 8.020819674146447, -0.37096473471127184, -0.1982002655345958, -0.37096473471127184, 6.217225122522879, -0.011666311527806365, -0.1982002655345958, -0.011666311527806365, 9.404907472667976, 2.059321948572209, 1.0305148714128212, 0.0, 0.0
1130, 0 ,1.0,1.0,1.0,36.443370165745854,164.0814917127072,174.40055248618785,2.8562904739919364,2.2837983254586582,2.397581590856549,11.0,10.0,9.0,-0.9906906323280271,0.06932065422883414,-0.11716107679080222,2.8637247701300175,-0.1359369371766382,-0.4576281869560828,0.8786908396098843,2.4308148399191807,0.007295212713043515,0.8864373014492202,0.4627911953255986,2.238916524341972,11.643523879686832,10.789923615402117,9.843690919771461,4.223213821633679,1.134456947072652,724.0,1236.689795774356, 0.0, 0.0,0.0,NaN, 188.61914361976972,188.61914361976972,0.0, 8.158395271817081, -0.1632028173743172, 0.26301471261561077, -0.1632028173743172, 5.215734791367772, -0.38623286834956516, 0.26301471261561077, -0.38623286834956516, 5.748397484814221, 2.2057292118503904, 1.0543875435591852, 0.0, 0.0
1133, 0 ,1.0,1.0,1.0,153.72991071428572,285.24776785714283,252.55803571428572,2.8712394646661896,2.716721438550724,2.6209539700288897,12.0,11.0,11.0,-0.9912418906140114,0.07286193840598074,-0.1101392401630034,2.8763574795891413,-0.0077726130685938765,-0.8647605300941695,-0.5021242994292718,2.7636099893987844,-0.13182981748468967,-0.49687057019205094,0.8577531904335767,2.5657393919209244,12.626907401644075,12.015214715113643,11.325544390265406,4.571461201911972,1.263223507761606,896.0,1718.2550081518586, 0.0, 0.0,0.0,NaN, 154.47753023703663,154.47753023703663,0.0, 8.244016063456588, -0.11500019929846886, 0.18866589604591777, -0.11500019929846886, 7.380575374681115, 0.4443259725765441, 0.18866589604591777, 0.4443259725765441, 6.869399713010199, 1.8023369734042458, 0.9302979260545909, 0.0, 0.0
1138, 0 ,1.0,1.0,1.0,209.1076923076923,49.09112426035503,82.82485207100592,2.4623075721529344,2.8765494269803704,2.7157393768055798,10.0,12.0,12.0,-0.3185476692222908,-0.9433524954855496,0.09280868329112603,2.9187682731475877,0.31605884637762444,-0.1980087323742645,-0.9278466185366963,2.7640364981934544,0.8936633527562213,-0.2662303723558287,0.3612301216340981,2.356614001655055,13.098585658520307,12.596403540325106,10.647811900043962,4.491077571132341,1.2421585239200374,845.0,1756.836477910741, 0.0, 0.0,-1.4210854715202004E-14,84.67479066648929, 132.40583899270746,132.40583899270746,0.0, 6.062958579881678, 0.7606008192990507, -0.699481110605377, 0.7606008192990507, 8.274536605861098, 0.12365253317460871, -0.699481110605377, 0.12365253317460871, 7.375240362732359, 1.817641662951757, 0.9194777560961924, 0.0, 0.0
1139, 0 ,1.0,1.0,1.0,2.166535742340927,16.34406912804399,82.3605655930872,1.5606850930413743,4.399287391583382,4.134758721855483,5.0,19.0,17.0,0.005738176824683611,0.905987180246151,-0.42326623129698926,4.470648632736235,-0.021667661117028367,-0.4230611764636289,-0.9058420135050744,4.058377835419618,-0.9997487613337896,0.014369070910744394,0.017203023359738726,1.5583861360184321,18.853104809037337,17.856293966673192,5.305763583361023,5.9159711658856615,1.9715431432650543,1273.0,1786.1671734063252, 0.0, 0.0,0.0,NaN, 83.9945548092157,83.9945548092157,0.0, 2.4357379596415627, 0.21999791426133095, 0.2329615822981265, 0.21999791426133095, 19.353729553744518, -1.3518678160032933, 0.2329615822981265, -1.3518678160032933, 17.096229687959987, 2.7899408167212005, 1.4158006846774622, 0.0, 0.0
1140, 0 ,1.0,1.0,1.0,150.84657236126225,72.64961915125136,86.90533188248095,3.206591195937678,2.320645234723282,2.8385585151123682,13.0,9.0,12.0,-0.9632475516028458,0.21891674145387163,0.15565864782382446,3.264832101055526,0.10517206257634149,-0.22585536583627097,0.968466928178966,2.8487828499032837,0.24716996497260887,0.9492443384261936,0.19453070292695768,2.2249367346151936,14.020519727947757,12.630196664069018,9.673770346607483,4.683122245693076,1.3391795543990725,919.0,1713.049841092532, 0.0, 0.0,0.0,NaN, 187.2892117790296,187.2892117790296,0.0, 10.282227097865027, -1.2790029376208403, -0.533567143166689, -1.2790029376208403, 5.385394305443876, -0.49780536870634223, -0.533567143166689, -0.49780536870634223, 8.057414443716933, 2.0324774451302496, 0.9551393543427255, 0.0, 0.0
1148, 0 ,1.0,1.0,1.0,152.12710084033614,218.00210084033614,165.26680672268907,3.0430422081508337,3.033772750071259,2.404528092827898,13.0,13.0,10.0,-0.942055280148271,-0.12114649513436232,0.31281843913270696,3.1152143024241497,-0.10959444328480396,0.9924909221766544,0.05432151873823664,3.032727113181007,0.3170503227341948,-0.016890710867058786,0.948258296425899,2.311632417969995,13.669759939863098,13.450354204720497,10.153357703238186,4.739388045311047,1.3356044642122529,952.0,1866.8279555794602, 0.0, 0.0,0.0,NaN, 216.2014873750496,216.2014873750496,3.814697265625E-6, 9.260105880587501, 0.07851449403290708, -1.3080710225266607, 0.07851449403290708, 9.203777099074928, 0.04250670856577628, -1.3080710225266607, 0.04250670856577628, 5.781755349198567, 1.861870934513687, 0.9087375047141574, 0.0, 0.0
1149, 0 ,1.0,1.0,1.0,281.2118377753402,287.0053808069728,148.0380065814829,11.386795909332193,8.100606836297008,19.1216250432199,49.0,39.0,84.0,-0.010250227953325437,-0.06926763589637747,0.9975454513174988,19.160770208794364,-0.9795971230198028,0.2009337465669444,0.0038866517590739054,11.511030224057498,-0.20070976408294197,-0.9771528151256071,-0.06991399354830148,7.827934892240341,85.01205424387588,54.72881851301193,38.87801371893005,22.142366886036303,8.404230195246985,67462.0,180884.20773279428, 0.0, 0.0,0.0,NaN, 149.7902084929823,149.7902084929823,0.0, 129.65912108078436, -13.802791158169711, -3.398611841571155, -13.802791158169711, 65.61983111626182, -21.07847078931986, -3.398611841571155, -21.07847078931986, 365.63654429349447, 7.7720949560092825, 5.7938194258787625, 0.0, 0.0
1155, 0 ,1.0,1.0,1.0,57.36715481171548,232.3765690376569,279.2228033472803,3.0957739890205356,2.951922135735125,2.4727686122771755,13.0,13.0,10.0,-0.9025431862279252,0.3292488297697154,0.27750856759534004,3.1862255720191364,0.29986081774030837,0.9430986369739249,-0.14369568859934176,2.9233271965041188,0.309029589162038,0.04647761862658538,0.9499160720764457,2.3904748906426563,14.160091010423244,13.303560422481269,10.781756696039224,4.747932440876589,1.3672538291312344,956.0,2031.0632977425653, 0.0, -2.8421709430404007E-14,0.0,70.7768111325232, 91.08024356058726,91.08024356058726,0.0, 9.583816591096118, -0.517966247089511, -1.233476961187656, -0.517966247089511, 8.713844295443023, 0.021747693492759297, -1.233476961187656, 0.021747693492759297, 6.114584609863187, 1.7436199186361983, 0.8888871910170176, 0.0, 0.0
1157, 0 ,1.0,1.0,1.0,127.12578956866992,95.6830896950009,291.72450821151415,13.130419917504698,10.031479107903118,4.653582641314887,63.0,47.0,19.0,0.963654130298814,-0.2568347870037166,-0.07352964941295353,13.3771479013712,-0.2525890282168108,-0.9655647803845696,0.06231723441700919,9.758956650908603,0.08700287341532614,0.04147947764440957,0.9953441379501985,4.528687537507406,63.379526907226605,44.169810307538626,21.572232433790305,16.006328901534005,6.204173337179137,22164.0,60390.6380692976, 0.0, 0.0,0.0,NaN, 159.32577880362183,159.32577880362183,1.9073486328125E-6, 172.4079272100041, -20.988109279446935, -12.402812168097153, -20.988109279446935, 100.63057309229676, -1.5043789172678632, -12.402812168097153, -1.5043789172678632, 21.655831399547235, 4.371920747097875, 3.110913428911578, 0.0, 0.0
1158, 0 ,1.0,1.0,1.0,221.54917839452787,81.97004481484393,5.753832848494379,8.708038733782885,9.1502797268543,3.9820954209109196,36.0,40.0,17.0,0.634190598301668,0.772021390325872,0.04225231242287837,10.012309256039812,-0.7726497479400233,0.6348286449133185,-0.002226792702163185,7.711184371509721,0.02854210983776157,0.031234027547341454,-0.9991044907762056,3.9630721113786676,44.76701155909669,37.64050337547815,17.86095204726302,12.521031606701643,4.317222384121142,12719.0,30096.648145600033, 2.8421709430404007E-14, 0.0,0.0,50.64002152439865, 113.60777372156163,113.60777372156163,0.0, 75.82993858906305, 19.929179728619797, 2.340630360348053, 19.929179728619797, 83.7276190796808, 2.6958259544992664, 2.340630360348053, 2.6958259544992664, 15.857083941239713, 3.8221996863061354, 2.662917947472134, 0.0, 0.0
1162, 0 ,1.0,1.0,1.0,12.05444887118194,186.4581673306773,68.67596281540504,2.930076574672001,2.2073558875942836,2.641213584538088,12.0,9.0,11.0,-0.9898242531641548,-0.1405345465067346,0.02231566907286958,2.943294171067475,-0.018042163097936638,-0.03161011066978553,-0.9993374211217108,2.641396309274073,-0.14114683205361292,0.9895710394618421,-0.02875290697718763,2.1894800540312804,12.48466056214253,11.128100506070126,9.556985404302594,4.351697380621647,1.223318378255614,753.0,1327.7573104273188, 1.7763568394002505E-15, 0.0,0.0,8.180686284875495, 133.24205556850026,133.24205556850026,0.0, 8.585348733441608, 0.5394623365766693, -0.04610156099814997, 0.5394623365766693, 4.8724200144971475, 0.05682978577059603, -0.04610156099814997, 0.05682978577059603, 6.976009199148537, 1.7681549962456642, 0.8483760615288958, 0.0, 0.0
1165, 0 ,1.0,1.0,1.0,157.93211920529802,243.2566225165563,89.04470198675497,2.488455759152702,2.076844711778901,2.538378610607708,10.0,8.0,10.0,-0.6057580595511716,-0.030222283258055656,0.7950747052217605,2.6004496379012023,0.7807787333903644,0.16971208547258648,0.6013172020904476,2.4338333098890472,0.1531069651392059,-0.9850301628068125,0.07920754753586706,2.064746738297214,11.26710668469957,10.552480313210594,8.571876710547173,3.975887021260369,1.0683559271461884,604.0,1019.1611802889049, 0.0, 0.0,-1.4210854715202004E-14,37.33768768923286, 177.00862293582264,177.00862293582264,0.0, 6.1924120652602515, 0.26576411122319, -0.42411791149511036, 0.26576411122319, 4.313283956843987, 0.1093893908161937, -0.42411791149511036, 0.1093893908161937, 6.443365970790719, 1.9791753876288205, 0.887167060689462, 0.0, 0.0
1170, 0 ,1.0,1.0,1.0,289.91264698824097,5.145588352931766,101.36301095912327,5.646993692033995,3.364683736710067,15.99306069088066,21.0,12.0,62.0,-0.029360274276623015,-0.011173854446448271,0.9995064378337998,16.000065416587727,-0.9994693612110446,0.014439061223468073,-0.02919776552018144,5.630208211829484,0.014105683067048555,0.9998333153520113,0.011591859963674818,3.3595069317544684,62.34823143497067,21.717202508070216,12.44952301081047,15.715790859171843,7.2112094920965,12501.0,16857.017285485937, 0.0, 0.0,0.0,NaN, 101.99358686202294,101.99358686202294,NaN, 31.888537757871724, -0.21430425714730955, -6.585680508170358, -0.21430425714730955, 11.32109664808122, -2.741675061643425, -6.585680508170358, -2.741675061643425, 255.77799026219213, 5.203927301586213, 3.1674316389137664, 0.0, 0.0
1173, 0 ,1.0,1.0,1.0,216.8300153139357,123.59724349157733,120.54517611026034,2.342147186963493,2.782320865775533,2.200486269782838,10.0,11.0,9.0,-0.13510888324210082,0.9834988411177861,0.12031466738949269,2.79911503436263,0.9596152012734714,0.09964475179331403,0.26307715393953096,2.3426436387365914,0.24674735085497287,0.15099984423839924,-0.9572433295072011,2.178549626546473,11.719866787432522,10.221951072407109,9.506431862368117,4.101582342938892,1.1162996699478394,653.0,1138.8696328243886, 0.0, 0.0,1.4210854715202004E-14,83.0897367304922, 191.63680344560672,191.63680344560672,0.0, 5.485653445401002, -0.33951910020660736, 0.13708200342863808, -0.33951910020660736, 7.741309400129911, 0.38496373200378026, 0.13708200342863808, 0.38496373200378026, 4.842139823502788, 2.048089900617395, 0.9382653600825469, 0.0, 0.0
1175, 0 ,1.0,1.0,1.0,153.73143564356437,262.71534653465346,149.5519801980198,2.7000920259925425,2.812747173510606,2.4544909414756497,11.0,12.0,11.0,-0.14590323731244623,0.9465664963113587,0.2876179990935646,2.8437221900478766,0.9632231083701595,0.20223118946555277,-0.17692876959125586,2.7119815582941666,0.2256401755970687,-0.251225822853037,0.941260908084649,2.405196359137458,12.363366714798133,11.960467678582006,11.30760198583134,4.4418346282405246,1.223386499872368,808.0,1672.0737404689191, 0.0, 0.0,0.0,NaN, 212.48631269818918,212.48631269818918,NaN, 7.290496948828512, -0.012091339084402682, -0.36413403097736374, -0.012091339084402682, 7.911546662091904, 0.5704894128026703, -0.36413403097736374, 0.5704894128026703, 6.0245257817860205, 1.63707045358744, 0.8015021492874596, 0.0, 0.0
1177, 0 ,1.0,1.0,1.0,210.63,150.49125,166.2775,2.8036761581894662,2.7712674785195306,2.3039083640631093,12.0,11.0,9.0,-0.7793050403641302,0.5737030505477888,-0.25208820649769015,2.93978659010635,0.5420327858892743,0.8190015706083692,0.1882468761019323,2.6847867761696143,-0.31445844412922547,-0.010061666521264147,0.9492179148028346,2.2356412857691734,13.022926573282945,11.81870617362324,9.820918342784921,4.4026739266852895,1.210363368078162,800.0,1511.5782271611959, 0.0, 0.0,0.0,NaN, 219.59410336530556,219.59410336530556,0.0, 7.860600000000044, -0.6482374999999999, 0.9414250000000102, -0.6482374999999999, 7.679923437499998, -0.1863218750000031, 0.9414250000000102, -0.1863218750000031, 5.3079937499999525, 1.885243384167552, 0.8902469228984042, 0.0, 0.0
1186, 0 ,1.0,1.0,1.0,34.407960199004975,176.77280265339968,240.39137645107795,1.9831971570144078,3.199262447007968,2.259175196041818,9.0,14.0,10.0,-0.17950162839143055,-0.9836989292194495,0.010750909604949357,3.2332467606136865,0.15491854771974664,-0.017473513484967878,0.987772706597472,2.2668358217481974,0.9714830976281729,-0.1789723246175222,-0.15552973363241818,1.918279040456916,13.96203754706869,10.050119127179471,9.0544073459184,4.198365256849341,1.2829469610690831,603.0,1270.5157118850163, 0.0, 0.0,0.0,NaN, 141.1454494213377,141.1454494213377,0.0, 3.93307096359003, 1.1921899622946617, 0.2101515639051874, 1.1921899622946617, 10.235280204835412, -0.09681828557599059, 0.2101515639051874, -0.09681828557599059, 5.103872566410587, 2.3110450908022733, 1.0601291306058327, 0.0, 0.0
1193, 0 ,1.0,1.0,1.0,99.31412894375858,120.8326474622771,4.633744855967078,2.4770730526021456,2.6407129473364193,2.4848539483796706,10.0,11.0,10.0,-0.3712778362889704,-0.9206439969202919,0.12069548133716887,2.6782360158818475,0.5117158088935224,-0.09441288173712845,0.8539514849747263,2.50454745874137,-0.7747901000974582,0.37881504549941214,0.5061614980361999,2.416205453408593,11.603003919001651,10.94468398160793,10.8778964235313,4.241698489424235,1.1365512956976924,729.0,1381.3972413799793, 0.0, -1.4210854715202004E-14,0.0,22.979587803426803, 156.47778274244124,156.47778274244124,0.0, 6.1358909079277115, 0.4352863252929277, 0.13014050477851735, 0.4352863252929277, 6.973364870230197, -0.18337877581895307, 0.13014050477851735, -0.18337877581895307, 6.174499144778038, 1.936389917740279, 0.8962799541247991, 0.0, 0.0
1196, 0 ,1.0,1.0,1.0,284.7357222844345,139.19484882418814,22.462486002239643,2.4498624088079266,2.7889753171749385,2.935284301694633,10.0,11.0,12.0,-0.08508454343008798,0.009066797614625338,0.9963324814791037,2.9385992617642613,-0.07045205203441136,-0.9975104702237375,0.0030610714070066795,2.7905525311535633,0.9938798362143353,-0.06993321796566795,0.08551149742304998,2.444085518820312,12.229377003268759,11.196215614192369,10.576155503155633,4.568073025141617,1.2364513377604824,893.0,1448.116208728214, 0.0, 0.0,0.0,NaN, 141.81948875513308,141.81948875513308,0.0, 6.001825822090177, 0.1254023768291191, -0.22603953356265105, 0.1254023768291191, 7.778383319811048, 0.018507766640874584, -0.22603953356265105, 0.018507766640874584, 8.61589393177495, 1.7908930544890589, 0.8776226233100507, 0.0, 0.0
1199, 0 ,1.0,1.0,1.0,141.66797385620916,43.355555555555554,34.82745098039216,2.2956809004524446,2.644340086917636,2.896746773280692,9.0,11.0,12.0,-0.061631498612239766,0.0930720962569496,-0.9937500406425885,2.9029221123419404,0.41276237499636537,0.9088916099980975,0.05952531446726104,2.7227566361179107,-0.9087512201731387,0.4065139925923875,0.09443301149718303,2.1939614104732796,12.358920371351097,12.240195528362676,9.681601993826945,4.375420764637362,1.2286253671783025,765.0,1464.5901686316388, 0.0, -7.105427357601002E-15,0.0,84.65963260621876, 152.19221516176853,152.19221516176853,0.0, 5.270150796702147, 0.9546550472040615, 0.28519287453543185, 0.9546550472040615, 6.992534495279571, -0.19355119825708045, 0.28519287453543185, -0.19355119825708045, 8.3911418685121, 1.8173385484545839, 0.8801773113623675, 0.0, 0.0
1206, 0 ,1.0,1.0,1.0,60.222076215505915,6.910643889618923,133.7713534822602,2.671568591286663,2.820966131296387,2.2609684486460817,11.0,12.0,9.0,0.24685408461073705,0.9683270075028246,-0.037494899007996206,2.8312063460938055,-0.965203311001956,0.24913470216218705,0.07946363073393437,2.6638580543391184,0.08628806025085857,0.016574278843530903,0.9961323526213576,2.2572633585416098,12.188622057271356,11.523567788975946,9.41320575369005,4.338780047830806,1.1756252269277923,761.0,1322.1451105811097, 7.105427357601002E-15, 0.0,0.0,75.70856911878376, 146.86466721152212,146.86466721152212,0.0, 7.137278737949404, 0.21695293384284117, -0.18049768528511353, 0.21695293384284117, 7.957849913921304, -0.06642307911472642, -0.18049768528511353, -0.06642307911472642, 5.111978325773069, 1.9804152088550637, 0.9377097187664971, 0.0, 0.0
1210, 0 ,1.0,1.0,1.0,60.126114649681526,293.7605095541401,159.34140127388534,2.2844014532464127,2.556613952005707,3.215508688466471,10.0,10.0,13.0,-0.25785043158212145,-0.008891431358018922,0.966143932021166,3.276411439674326,0.23458845978266774,-0.9706117434002394,0.05367586152399455,2.5783613467254503,0.9372733909963032,0.2404865610007198,0.25235848412196804,2.170585604962694,13.60905570531969,10.805498857705004,9.889322801328206,4.51313921490392,1.3137105661767563,785.0,1454.250984986446, 0.0, 0.0,0.0,NaN, 153.09775406414283,153.09775406414283,0.0, 5.218489999594323, -0.4271215870826387, -1.476176721165152, -0.4271215870826387, 6.536274899590239, -0.15263256115866541, -1.476176721165152, -0.15263256115866541, 10.339496125603365, 2.10991025825215, 1.056737759269187, 0.0, 0.0
1215, 0 ,1.0,1.0,1.0,238.84166666666667,219.53,225.18,2.557980431686074,2.5124556380826566,2.0794871162540707,11.0,11.0,8.0,0.8590120784318884,0.36135057260174175,0.3626623950570564,2.6129059172667977,0.43429792742762907,-0.8894298866312593,-0.14247732099941643,2.5431982630843444,-0.2710785113951175,-0.2798932661703359,0.9209648202902806,1.9709969941747265,11.124822082352352,11.350743145449556,8.207398360833238,3.9968508414610158,1.0977919839392474,600.0,1036.389211563364, 2.8421709430404007E-14, 0.0,0.0,30.794160576001, 125.75291263470247,125.75291263470247,1.3486991523486091E-6, 6.543263888888874, -0.08441666666666749, 0.756833333333328, -0.08441666666666749, 6.3124333333333285, 0.7129333333333349, 0.756833333333328, 0.7129333333333349, 4.32426666666667, 1.973447259515524, 0.8805207924985583, 0.0, 0.0
1218, 0 ,1.0,1.0,1.0,1.8984375,96.609375,234.2390625,1.4166412949627545,3.001651563618769,3.445201245369245,5.0,12.0,14.0,-0.003398935316904338,0.030367517396624605,0.9995330215284919,3.4456027391827826,-0.007426626878701169,-0.9995119964532836,0.030341624201339207,3.001274000359654,-0.9999666456697024,0.007320029585762669,-0.0036228048453518283,1.4164647639683132,14.087963788905654,12.122937081123467,5.06918745967561,4.547638665279179,1.4849844642690093,640.0,865.7538462437029, 2.220446049250313E-16, 0.0,2.8421709430404007E-14,3.104627408095556, 116.8823181824819,116.8823181824819,1.3486991523486091E-6, 2.00687255859375, 0.0509521484375, -0.03509521484374611, 0.0509521484375, 9.009912109375, 0.08713378906249739, -0.03509521484374611, 0.08713378906249739, 11.869411621093796, 2.3752479581162333, 1.050148915049156, 0.0, 0.0
1226, 0 ,1.0,1.0,1.0,182.19585418155825,31.74110078627591,4.3538241601143675,7.45005461475745,7.450960797181515,3.072283465162377,33.0,32.0,13.0,-0.7068887515512264,0.707319448073484,0.002737025277792595,8.176713720902667,-0.707324357254722,-0.706887117626176,-0.0016901385599928335,6.645450521487543,-7.39300036066946E-4,0.003130704582026496,-0.9999948260487537,3.0721973157949636,36.778054962598105,30.407077048639195,13.05519911219869,10.359954330436414,3.6235897292030463,6995.0,14599.800855400881, 0.0, 0.0,0.0,NaN, 122.08304565317171,122.08304565317171,0.0, 55.50331376286878, -11.348149832337143, -0.06958385980796059, -11.348149832337143, 55.51681680113579, 0.15264839942346634, -0.06958385980796059, 0.15264839942346634, 9.438925690310143, 3.9495412177746427, 2.4427529675721216, 0.0, 0.0
1231, 0 ,1.0,1.0,1.0,203.25736235595392,191.56209987195902,72.78489116517285,2.615150912975271,2.2592074109627553,3.078957061842067,11.0,9.0,13.0,-0.17689032527724421,-0.1647917905140177,0.9703367861740041,3.117669587588967,0.9734722582878463,-0.1746631927241076,0.14779895619178599,2.605114137464997,0.1451260664638538,0.9707401479729806,0.19131646543390807,2.2173239919899843,13.30984098660781,11.998043436829875,10.128621858317928,4.449835451560019,1.2735672208765543,781.0,1617.4603912136847, 0.0, 0.0,0.0,NaN, 162.52863287566362,162.52863287566362,NaN, 6.8390142976353925, -0.17795400033772613, -0.555394525223748, -0.17795400033772613, 5.104018125749035, -0.8163472746618184, -0.555394525223748, -0.8163472746618184, 9.479976588667133, 1.6095686117222916, 0.7514118897900381, 0.0, 0.0
1233, 0 ,1.0,1.0,1.0,27.53170028818444,188.00720461095102,76.83717579250721,2.735402070362181,2.316761371415369,2.495125179372717,11.0,10.0,10.0,0.8620911165338327,-0.280131428939767,0.422285791039213,2.8459184811946847,0.4517056070042791,0.04707329172449475,-0.8909243232773009,2.4172639631287205,-0.22969752152416714,-0.9588068041719275,-0.16711840377190595,2.2656214004810318,12.434825523887529,11.619476874798679,10.0474630847676,4.21087032225433,1.1593224437237306,694.0,1451.7194353910247, 0.0, 0.0,0.0,NaN, 138.5796966499078,138.5796966499078,0.0, 7.482424486541707, -0.7012370337765437, 0.7940664734363678, -0.7012370337765437, 5.367383252082422, -0.3806712953350653, 0.7940664734363678, -0.3806712953350653, 6.225649660739732, 1.7147699548119426, 0.7928125105661432, 0.0, 0.0
1237, 0 ,1.0,1.0,1.0,179.5977229601518,85.3529411764706,107.19734345351044,2.3339411609129668,2.3955813772568257,2.047572858921013,9.0,11.0,8.0,-0.578447147563024,0.7832915677597514,0.2277130153343709,2.4471122143823,0.7585866338960376,0.6191823175371262,-0.20287823077805234,2.3136692721570604,0.2999086800185682,-0.0553857159006198,0.9523587591468333,2.009284051484662,10.748020010550267,9.84726089081019,8.46321039732976,3.7899376959595887,1.0074811913867097,527.0,895.7339769170336, 0.0, 0.0,1.4210854715202004E-14,76.8375353056272, 182.40916459252887,182.40916459252887,0.0, 5.447281342603768, -0.265989507757563, -0.45951269042844123, -0.265989507757563, 5.73881013505971, 0.1827212858577961, -0.45951269042844123, 0.1827212858577961, 4.192554612589971, 2.1166196570111406, 0.9773159272776875, 0.0, 0.0
1241, 0 ,1.0,1.0,1.0,53.73222979552094,296.4503407984421,179.57351509250245,4.85930212388828,1.9233656248603683,5.3454381911331526,21.0,7.0,22.0,0.14310734882458218,7.984262719670056E-4,0.9897068501469957,5.355347160171006,-0.9895604927001208,0.0173313473567011,0.14307220444899663,4.848995006085411,0.017038720594383678,0.99984948212933,-0.0032703342668478157,1.9218132423187273,22.490684299900778,21.084246102957234,7.199453638510931,7.068308180766616,2.4341079218169996,2054.0,3413.974600042926, 0.0, 0.0,0.0,NaN, 131.91774280369418,131.91774280369418,0.0, 23.61281713122515, -0.33705577451648594, 0.7329276051004524, -0.33705577451648594, 3.699335326894515, 0.0688892597055741, 0.7329276051004524, 0.0688892597055741, 28.573709455224872, 2.6404430968242587, 1.3692371686924234, 0.0, 0.0
1242, 0 ,1.0,1.0,1.0,182.92139737991266,144.17758369723435,203.9184861717613,2.9250102224320984,2.5400245242135178,2.049402662864004,13.0,10.0,8.0,-0.9972461250313144,0.025662508991260678,-0.06958161928485113,2.9287098371585145,0.034151796936975294,0.9917314727472554,-0.12370263024097407,2.5470411277164273,-0.06583176190870262,0.125738305996355,0.989876789064762,2.035362582672785,13.077700354985524,10.480428842310417,8.487799298412227,4.218225325694406,1.1891323564527252,687.0,1163.336990890558, 0.0, 0.0,0.0,NaN, 209.10818284268876,209.10818284268876,2.6973983046972182E-6, 8.555684801332275, -0.034076390610397064, 0.297814051346593, -0.034076390610397064, 6.451724583606108, -0.2955681411279115, 0.297814051346593, -0.2955681411279115, 4.20005127455407, 1.6504990742196162, 0.8048995573587884, 0.0, 0.0
1252, 0 ,1.0,1.0,1.0,222.2768968456948,5.207331628303495,6.5713554987212275,9.142989520835116,3.6901261016669284,4.538335107217403,38.0,15.0,18.0,-0.9984595293016351,-0.032670296795983496,-0.04484662812318977,9.154627144561866,0.028481826343664078,0.3918619930026347,-0.9195830381255045,4.689746560323808,-0.04761673985991382,0.9194437612748623,0.3903278313646722,3.4650905635622666,38.076001997831696,22.68676101839158,17.004180758309,10.111601879104086,3.9450324470415175,5865.0,14688.571111113552, 0.0, 0.0,0.0,NaN, 78.17403520167339,78.17403520167339,0.0, 83.59425737810072, 2.453587968565242, 2.9534729190241658, 2.453587968565242, 13.617030646203562, -3.4935666302549064, 2.9534729190241658, -3.4935666302549064, 20.596485545401993, 4.204536416112919, 2.618560713760725, 0.0, 0.0
1255, 0 ,1.0,1.0,1.0,19.862934362934364,248.67181467181467,24.422779922779924,2.231430596994959,2.2162128529698704,2.3209683760299784,9.0,9.0,9.0,0.45357273042823154,0.32114563962235776,0.8313466523439097,2.41587356886433,0.6621458864599173,-0.7457950341310958,-0.07316141134237326,2.252240514668288,0.5965187367183775,0.5836567871762862,-0.5509175542011404,2.0901539858954923,10.845847532909303,10.085558414493022,9.251984127197403,3.7757534239604778,1.0106741328718143,518.0,1012.0415034310406, 0.0, 0.0,3.552713678800501E-15,33.76267872165452, 60.212880264502544,60.212880264502544,0.0, 4.9792825092052775, -0.13378601988640607, 0.5193385608443529, -0.13378601988640607, 4.9115994096688524, 0.4302559592134909, 0.5193385608443529, 0.4302559592134909, 5.386894202531235, 1.6763815188845153, 0.7922995807138917, 0.0, 0.0
1257, 0 ,1.0,1.0,1.0,223.60191082802547,198.47770700636943,29.512738853503183,2.5856283676782774,2.4399435810046612,2.339394720417476,11.0,10.0,9.0,-0.9481781132537509,-0.1921404839569824,-0.2530618500907116,2.6165444096251766,-0.06818100620304644,0.9009280399276103,-0.42857906769385606,2.459771765469287,0.31033790606320916,-0.38911528021522274,-0.8673405806044885,2.283590288647458,11.573425763977326,10.816188777917688,10.293540064490916,4.102435385100479,1.1320734531032934,628.0,1288.5490290262217, 0.0, 0.0,0.0,NaN, 130.43943329549012,130.43943329549012,0.0, 6.685474055742634, 0.2459024706884692, 0.4158992251206952, 0.2459024706884692, 5.953324678485849, -0.24334658606840123, 0.4158992251206952, -0.24334658606840123, 5.47276765791716, 1.650821654849751, 0.7802547697392114, 0.0, 0.0
1277, 0 ,1.0,1.0,1.0,85.8803970223325,295.86600496277913,150.26153846153846,5.027279216315705,2.2445767383777824,4.140172328965676,22.0,9.0,19.0,-0.9543074642611866,0.02613137154832463,0.29768173453604246,5.115086395980562,0.2978417332508626,0.002370239460651423,0.9546123212587512,4.032983175881139,-0.024239752257508566,-0.9996557074242625,0.01004495020356135,2.241344648088251,22.535435629522972,18.310931354694162,9.297823344112032,6.546783874275997,2.142967305004838,2015.0,3836.6985924351097, 0.0, 0.0,0.0,NaN, 172.66771374981064,172.66771374981064,0.0, 25.273536318799852, -0.5192520118958915, -2.809414010307313, -0.5192520118958915, 5.038124734466645, 0.1898835655659653, -2.809414010307313, 0.1898835655659653, 17.141026913533064, 3.3498191027428317, 1.7494874876042414, 0.0, 0.0
1289, 0 ,1.0,1.0,1.0,280.08855291576674,85.00431965442765,211.53563714902808,2.315955237453163,2.2890439404519882,1.9168244454650094,10.0,10.0,8.0,0.8400516350289687,0.46631832922499666,0.27723720225461057,2.3649232777564624,0.48055829168843606,-0.8767654086311991,0.01860501322920054,2.2739560791093387,-0.25174784760678376,-0.11759946452503153,0.9606213547328506,1.8745261850788475,9.883716333120503,9.850331870892916,7.819119220944572,3.6479030672589094,0.9850837476184436,463.0,761.252917725325, 0.0, 0.0,0.0,NaN, 1.0,1.0,0.0, 5.363648661886737, 0.11624815155176364, 0.4990040537577797, 0.11624815155176364, 5.239722161319966, 0.24174670777957707, 0.4990040537577797, 0.24174670777957707, 3.6742159547322406, 2.0239686927321663, 0.8515114482241339, 0.0, 0.0
